Date,close,high,low,open,volume
2019-04-16,47.65,48.70,47.22,48.03,393737
2019-04-15,47.78,48.50,47.02,47.50,346655
2019-04-12,47.43,48.80,47.12,48.76,411741
2019-04-11,48.28,48.59,47.88,48.15,432113
2019-04-10,48.00,48.32,47.49,47.91,320802
2019-04-09,47.67,49.03,47.44,49.03,283198
2019-04-08,49.09,49.54,48.35,49.20,310062
2019-04-05,49.21,49.54,48.51,48.98,293443
2019-04-04,48.53,49.43,46.94,46.96,540925
2019-04-03,46.87,47.21,45.25,45.75,449382
2019-04-02,44.68,44.90,43.53,44.32,449777
2019-04-01,44.51,45.87,44.32,45.21,499492
2019-03-29,44.83,45.14,44.42,44.82,321282
2019-03-28,44.39,45.27,43.79,44.41,242087
2019-03-27,44.23,45.13,43.41,44.85,373718
2019-03-26,45.05,45.26,44.00,44.41,453177
2019-03-25,44.05,44.17,42.65,43.26,417443
2019-03-22,43.23,45.55,43.09,45.38,562576
2019-03-21,45.66,45.95,44.14,44.28,410327
2019-03-20,44.54,46.22,44.13,45.92,431151
2019-03-19,45.92,46.61,45.74,46.00,277753
2019-03-18,45.98,47.50,45.52,46.42,312427
2019-03-15,46.43,46.66,45.89,46.03,827844
2019-03-14,45.78,46.32,45.10,45.56,427411
2019-03-13,45.66,46.04,44.99,45.94,316185
2019-03-12,45.74,46.71,45.53,46.02,220682
2019-03-11,45.99,46.10,45.13,45.72,363548
2019-03-08,45.48,46.29,44.56,45.93,403031
2019-03-07,46.07,46.85,45.19,45.67,494475
2019-03-06,45.90,48.85,45.87,48.76,745876
2019-03-05,48.76,49.71,48.16,48.94,502319
2019-03-04,48.80,51.63,48.49,51.29,679489
2019-03-01,50.93,50.94,49.20,50.02,549293
2019-02-28,49.92,50.39,48.69,49.03,422538
2019-02-27,49.17,51.24,47.88,50.20,1089856
2019-02-26,50.37,51.44,50.35,50.49,664896
2019-02-25,50.57,51.15,49.98,50.82,472126
2019-02-22,50.27,50.27,49.16,49.40,339836
2019-02-21,49.15,49.95,48.80,49.90,300442
2019-02-20,49.88,50.40,49.18,49.61,411520
2019-02-19,49.60,49.95,49.32,49.91,368089
2019-02-15,49.92,49.98,48.11,48.50,503681
2019-02-14,48.15,48.72,47.64,48.43,262667
2019-02-13,48.45,49.19,48.09,49.00,211879
2019-02-12,48.89,49.23,48.27,48.41,429770
2019-02-11,48.18,48.49,47.45,47.83,219402
2019-02-08,47.63,47.72,46.10,46.77,298218
2019-02-07,46.77,47.83,46.67,47.60,274635
2019-02-06,47.92,49.35,47.49,48.88,448742
2019-02-05,48.88,49.65,47.80,47.89,810807
2019-02-04,47.77,47.79,45.92,46.37,471071
2019-02-01,46.36,46.49,44.95,46.00,322889
2019-01-31,45.97,46.05,44.43,44.91,428540
2019-01-30,44.95,44.97,43.83,44.08,425656
2019-01-29,43.95,44.59,43.56,43.91,321118
2019-01-28,43.86,44.66,43.49,43.97,541211
2019-01-25,44.57,44.73,42.85,43.52,459901
2019-01-24,43.05,43.62,42.67,42.81,193082
2019-01-23,42.86,44.44,42.25,44.10,432243
2019-01-22,44.04,44.36,42.48,42.67,510060
2019-01-18,43.17,43.98,42.35,42.85,358293
2019-01-17,42.68,43.98,42.49,43.57,634736
2019-01-16,43.58,44.50,43.40,43.77,394405
2019-01-15,43.74,44.27,41.96,42.08,482543
2019-01-14,41.90,42.97,41.73,42.39,460519
2019-01-11,42.77,44.25,42.65,43.53,392936
2019-01-10,43.97,44.99,43.10,43.90,475768
2019-01-09,43.98,44.76,43.00,43.11,452935
2019-01-08,43.27,45.11,43.13,44.00,721081
2019-01-07,43.77,43.95,41.10,41.77,793379
2019-01-04,40.94,41.29,39.80,39.92,500757
2019-01-03,39.54,40.92,38.51,40.14,754654
2019-01-02,40.22,40.26,38.18,38.36,471889
2018-12-31,38.95,39.73,37.27,39.30,445258
2018-12-28,38.88,39.58,37.80,38.62,369234
2018-12-27,38.50,38.51,35.63,37.14,462046
2018-12-26,37.93,38.50,36.36,36.66,574231
2018-12-24,36.29,36.86,35.04,35.25,278367
2018-12-21,35.76,37.44,35.71,37.44,1011208
2018-12-20,37.45,37.61,35.75,37.39,664154
2018-12-19,37.50,39.22,36.29,38.77,880725
2018-12-18,38.77,39.31,37.64,38.73,624516
2018-12-17,38.33,41.01,38.00,41.01,757543
2018-12-14,41.09,42.81,40.66,42.28,468023
2018-12-13,42.56,43.85,42.36,43.45,704002
2018-12-12,42.67,43.68,41.38,41.50,537614
2018-12-11,40.97,41.93,40.36,41.65,239718
2018-12-10,41.01,41.74,38.82,40.38,455677
2018-12-07,40.55,41.29,39.95,39.95,571170
2018-12-06,40.19,40.75,39.06,39.51,488858
2018-12-04,39.94,43.10,39.74,42.15,601977
2018-12-03,42.46,43.15,41.60,42.00,868502
2018-11-30,41.01,41.27,40.34,40.80,449525
2018-11-29,40.72,41.44,40.25,40.25,374607
2018-11-28,40.56,40.62,38.55,39.16,826120
2018-11-27,39.02,41.04,38.90,40.43,654601
2018-11-26,40.95,41.16,39.78,40.60,620629
2018-11-23,40.29,41.18,39.01,39.06,244981
2018-11-21,39.71,40.14,38.33,39.34,613454
2018-11-20,39.31,41.18,39.12,40.24,579117
2018-11-19,40.86,42.31,40.03,41.89,746021
2018-11-16,41.68,42.93,39.77,39.90,1598967
2018-11-15,39.55,42.47,38.63,39.46,4856404
2018-11-14,32.52,34.45,31.97,34.03,689769
2018-11-13,33.64,35.21,33.60,34.20,361131
2018-11-12,34.07,36.59,33.77,36.37,670574
2018-11-09,36.27,37.38,35.92,36.98,391654
2018-11-08,37.19,38.50,36.14,38.33,539462
2018-11-07,38.67,39.18,37.61,37.93,443521
2018-11-06,37.60,38.77,37.07,37.52,312515
2018-11-05,37.62,38.57,36.69,38.41,371881
2018-11-02,38.27,38.72,37.47,37.91,455946
2018-11-01,37.46,37.54,35.94,35.94,598364
2018-10-31,35.66,36.18,33.97,34.60,654343
2018-10-30,34.48,35.32,33.54,34.47,713289
2018-10-29,34.48,38.25,34.00,37.96,789399
2018-10-26,37.26,38.39,36.50,37.12,613345
2018-10-25,37.82,38.17,35.41,35.49,514892
2018-10-24,35.21,39.50,35.16,39.50,897982
2018-10-23,39.58,40.66,38.75,38.88,365950
2018-10-22,39.13,40.16,38.75,40.13,306633
2018-10-19,39.99,41.26,39.52,40.50,293252
2018-10-18,40.53,41.40,39.94,41.13,215706
2018-10-17,41.15,41.87,40.51,41.52,165503
2018-10-16,41.52,41.69,39.10,39.30,511104
2018-10-15,39.32,40.08,38.98,39.90,364849
2018-10-12,39.88,40.53,39.19,40.19,306519
2018-10-11,39.61,40.46,38.75,38.75,455172
2018-10-10,38.99,40.17,38.94,39.74,755856
2018-10-09,39.76,40.85,39.29,39.56,646708
2018-10-08,39.69,40.40,38.87,40.01,752416
2018-10-05,40.14,43.82,39.70,43.26,1350278
2018-10-04,43.17,47.72,42.98,47.39,1007455
2018-10-03,47.59,48.45,45.57,45.85,553045
2018-10-02,45.69,46.96,45.35,46.30,625520
2018-10-01,46.14,48.14,46.00,46.00,647763
2018-09-28,46.02,46.02,43.32,43.32,753371
2018-09-27,43.32,43.69,42.97,43.13,450833
2018-09-26,43.19,43.56,42.86,43.18,379944
2018-09-25,43.20,44.45,42.44,44.16,791037
2018-09-24,42.85,44.39,42.70,43.61,575092
2018-09-21,43.75,43.90,42.68,43.02,870492
2018-09-20,43.08,43.23,42.07,42.07,341221
2018-09-19,42.05,42.88,41.58,42.21,366903
2018-09-18,42.04,42.50,41.23,41.57,429006
2018-09-17,41.58,42.79,40.92,42.30,722491
2018-09-14,42.18,42.40,40.87,40.90,568321
2018-09-13,40.82,41.22,40.20,40.41,327859
2018-09-12,40.29,40.86,40.26,40.48,553064
2018-09-11,40.62,40.67,39.59,39.69,471018
2018-09-10,39.83,40.38,39.41,40.07,427285
2018-09-07,40.04,40.11,39.56,40.05,437427
2018-09-06,39.99,41.25,39.41,40.39,783925
2018-09-05,40.42,40.42,38.42,39.17,469661
2018-09-04,39.10,39.18,38.25,38.68,339739
2018-08-31,38.84,39.20,38.31,38.88,345458
2018-08-30,38.87,38.94,37.82,38.00,499581
2018-08-29,38.00,38.49,36.73,38.10,619357
2018-08-28,37.84,38.50,37.08,37.25,701414
2018-08-27,37.03,38.03,36.91,37.36,389025
2018-08-24,36.97,37.17,36.71,37.07,270750
2018-08-23,37.09,37.58,36.87,37.17,253850
2018-08-22,37.27,37.31,36.10,36.51,303532
2018-08-21,36.45,36.71,36.06,36.27,392797
2018-08-20,36.10,36.29,35.50,35.72,388996
2018-08-17,35.74,36.14,35.44,35.98,302493
2018-08-16,35.94,36.99,35.52,35.85,635541
2018-08-15,35.80,36.83,35.51,36.68,402062
2018-08-14,36.89,37.18,36.45,36.86,365059
2018-08-13,36.93,37.13,36.21,36.78,372492
2018-08-10,36.70,38.03,36.62,37.24,517923
2018-08-09,37.41,39.35,37.28,37.56,633217
2018-08-08,37.65,38.10,36.07,36.12,1036831
2018-08-07,36.40,38.41,34.90,38.25,1233968
2018-08-06,37.85,38.75,37.35,37.75,692794
2018-08-03,37.82,39.40,37.67,38.79,657543
2018-08-02,38.95,39.99,38.72,39.07,614446
2018-08-01,39.17,39.61,38.13,38.59,694217
2018-07-31,38.59,38.90,38.19,38.32,592780
2018-07-30,38.32,38.90,38.11,38.89,558776
2018-07-27,38.46,40.29,38.34,39.75,590923
2018-07-26,39.98,40.84,39.53,40.72,464186
2018-07-25,40.67,42.11,40.30,41.35,654618
2018-07-24,41.44,44.30,41.27,44.11,633871
2018-07-23,43.78,44.30,43.41,43.83,369919
2018-07-20,43.82,44.76,43.80,44.50,334909
2018-07-19,44.51,44.81,43.63,43.63,414212
2018-07-18,43.88,44.82,43.05,44.66,389921
2018-07-17,44.57,45.00,43.80,43.83,332864
2018-07-16,44.01,44.22,43.22,44.00,271579
2018-07-13,44.18,44.68,43.74,44.34,215663
2018-07-12,44.32,44.40,43.66,44.03,381278
2018-07-11,43.82,44.48,43.41,44.09,357565
2018-07-10,44.25,45.46,44.21,44.76,413815
2018-07-09,44.79,45.18,44.07,45.02,381378
2018-07-06,44.79,45.38,44.37,44.69,458913
2018-07-05,44.69,45.20,44.30,44.60,403668
2018-07-03,44.24,45.35,44.19,44.78,285767
2018-07-02,44.55,44.74,43.32,43.32,531931
2018-06-29,43.60,44.18,42.09,42.54,795146
2018-06-28,42.31,42.47,41.50,41.70,635140
2018-06-27,41.70,45.20,41.65,44.56,775090
2018-06-26,44.64,44.69,42.81,43.46,590174
2018-06-25,43.44,44.37,43.23,43.25,712617
2018-06-22,43.48,45.46,43.29,44.76,1280860
2018-06-21,44.54,48.27,44.16,48.00,1035897
2018-06-20,47.81,50.05,47.54,49.67,856472
2018-06-19,49.58,49.61,48.20,48.40,410821
2018-06-18,48.89,49.79,48.69,49.39,629048
2018-06-15,49.47,49.85,48.76,49.55,1062570
2018-06-14,49.63,49.69,48.91,49.10,680389
2018-06-13,49.17,49.40,48.72,49.09,384135
2018-06-12,48.94,49.45,48.46,48.46,553619
2018-06-11,48.35,48.76,47.83,48.21,448074
2018-06-08,48.34,49.06,47.90,47.91,618042
2018-06-07,47.76,48.41,47.38,48.17,470482
2018-06-06,48.00,48.98,47.75,48.56,494828
2018-06-05,48.37,49.66,48.06,48.91,613516
2018-06-04,48.86,48.89,47.18,48.00,559958
2018-06-01,48.08,48.60,45.89,45.94,977785
2018-05-31,45.72,45.81,44.51,44.55,660004
2018-05-30,44.24,44.98,43.46,43.94,759971
2018-05-29,43.86,45.97,43.06,45.92,1049558
2018-05-25,45.33,46.08,44.68,45.76,549011
2018-05-24,45.98,46.52,45.96,46.22,251186
2018-05-23,46.40,46.95,45.87,46.14,455408
2018-05-22,46.20,46.78,45.87,46.23,442545
2018-05-21,46.25,47.20,45.75,45.83,729796
2018-05-18,45.53,47.64,45.51,47.50,944409
2018-05-17,47.29,47.35,46.11,46.39,809091
2018-05-16,46.58,47.19,45.86,46.87,653443
2018-05-15,46.69,47.22,44.83,45.62,893486
2018-05-14,45.62,46.93,45.22,45.50,1159250
2018-05-11,44.99,45.09,42.96,43.01,962640
2018-05-10,43.13,44.07,41.49,41.92,764859
2018-05-09,41.99,42.55,39.50,41.00,994039
2018-05-08,42.02,42.89,41.82,42.77,569120
2018-05-07,42.67,43.24,42.17,42.94,703324
2018-05-04,43.12,43.43,41.51,42.83,1131018
2018-05-03,43.24,43.74,40.88,42.05,1084216
2018-05-02,41.97,42.49,39.46,39.77,1196320
2018-05-01,39.75,40.15,39.32,39.78,408114
2018-04-30,39.84,40.31,39.69,40.11,623155
2018-04-27,39.99,40.23,39.06,40.10,442484
2018-04-26,40.05,40.74,39.30,40.40,627516
2018-04-25,40.38,41.12,39.38,40.17,1081649
2018-04-24,40.01,40.25,38.90,39.16,591723
2018-04-23,39.14,40.74,39.02,39.95,730058
2018-04-20,39.69,39.82,38.82,39.39,719917
2018-04-19,39.27,39.85,37.78,39.35,1517702
2018-04-18,39.15,39.89,36.84,36.84,1432173
2018-04-17,37.03,37.27,33.91,34.51,1634330
2018-04-16,34.30,35.95,33.65,35.80,795873
2018-04-13,35.68,36.15,34.37,35.75,678649
2018-04-12,35.33,37.08,35.00,36.23,986141
2018-04-11,36.20,36.65,35.01,35.86,775030
2018-04-10,36.07,36.34,35.19,35.78,1328153
2018-04-09,35.49,36.25,34.20,34.20,1286706
2018-04-06,33.88,35.71,33.21,35.39,1541253
2018-04-05,35.72,37.37,34.82,37.37,1195213
2018-04-04,37.26,37.55,36.00,36.66,1143343
2018-04-03,37.27,37.66,35.02,35.57,2002581
2018-04-02,35.30,40.12,33.81,39.48,2075843
2018-03-29,39.50,40.32,38.61,40.02,1333101
2018-03-28,39.61,41.00,39.02,40.32,1092049
2018-03-27,40.14,41.59,39.72,41.10,1810004
2018-03-26,41.01,42.89,38.78,42.60,3888055
2018-03-23,41.88,42.78,41.19,41.39,2380308
2018-03-22,41.18,43.30,40.98,41.56,8896616
2018-03-21,44.00,45.85,39.24,40.08,6916047
2018-03-20,39.75,44.44,38.96,40.41,11738828
2018-03-19,30.89,31.48,30.00,31.35,1911293
2018-03-16,31.51,33.13,30.25,33.10,2486759
2018-03-15,33.01,36.67,31.55,36.24,2044613
2018-03-14,36.03,40.17,36.00,39.86,1257148
2018-03-13,39.28,40.46,38.62,40.20,731368
2018-03-12,40.20,42.27,39.92,42.22,549729
2018-03-09,42.27,42.78,41.43,42.11,391702
2018-03-08,41.63,42.92,41.15,42.92,411145
2018-03-07,42.58,43.20,41.52,42.76,528058
2018-03-06,42.64,42.87,41.76,42.73,491835
2018-03-05,42.80,44.50,42.75,43.76,595359
2018-03-02,43.37,43.87,40.30,40.35,645829
2018-03-01,40.67,41.17,37.80,38.53,579701
2018-02-28,38.77,39.83,37.94,38.22,574929
2018-02-27,37.77,39.39,36.80,39.22,705912
2018-02-26,38.86,40.40,38.52,39.99,501690
2018-02-23,39.97,41.00,38.51,40.84,671525
2018-02-22,40.85,42.20,40.80,41.53,542181
2018-02-21,41.19,42.26,40.52,40.52,482747
2018-02-20,40.52,42.74,40.29,41.00,654476
2018-02-16,40.80,41.37,40.60,40.60,366253
2018-02-15,40.77,41.74,39.21,41.45,420633
2018-02-14,40.98,41.06,39.22,39.52,364901
2018-02-13,39.96,41.87,39.08,40.33,661661
2018-02-12,40.34,40.50,38.66,39.85,525419
2018-02-09,39.71,40.10,36.88,38.62,683594
2018-02-08,38.40,40.85,38.19,40.24,728544
2018-02-07,40.04,40.49,39.00,39.16,397485
2018-02-06,39.12,40.37,38.18,38.98,556316
2018-02-05,39.50,40.45,38.50,38.58,578146
2018-02-02,39.13,40.82,37.04,38.63,602220
2018-02-01,38.79,38.99,36.88,37.34,454628
2018-01-31,37.42,37.96,36.60,37.71,492575
2018-01-30,37.49,37.67,35.10,36.26,529496
2018-01-29,36.62,38.42,36.13,37.71,886044
2018-01-26,37.86,38.96,37.75,38.44,406782
2018-01-25,38.18,38.77,37.56,38.30,320774
2018-01-24,38.08,38.41,36.57,37.90,691898
2018-01-23,37.68,37.80,35.81,35.90,610912
2018-01-22,35.89,36.85,35.71,35.83,712194
2018-01-19,35.60,35.75,34.30,34.56,621598
2018-01-18,34.12,34.77,33.90,34.52,358883
2018-01-17,34.36,34.60,33.52,34.39,538160
2018-01-16,33.88,35.56,33.03,35.01,1023492
2018-01-12,34.95,36.32,34.82,35.89,836934
2018-01-11,35.77,39.51,35.75,39.48,1140508
2018-01-10,39.41,39.54,38.63,39.03,300062
2018-01-09,39.36,39.83,38.39,38.82,707981
2018-01-08,38.40,41.35,38.31,41.00,829895
2018-01-05,40.84,41.92,40.18,41.50,588749
2018-01-04,41.10,41.41,39.14,40.17,663273
2018-01-03,40.17,40.94,37.82,38.80,1733536
2018-01-02,36.21,36.40,33.83,34.31,839434
2017-12-29,33.97,35.04,33.94,34.79,432732
2017-12-28,34.64,35.00,34.41,34.78,286295
2017-12-27,34.66,35.09,33.29,33.39,436574
2017-12-26,33.25,33.32,31.56,31.56,338763
2017-12-22,31.69,31.97,31.36,31.55,413561
2017-12-21,31.60,31.84,29.95,29.95,554689
2017-12-20,29.95,30.21,29.53,29.86,403222
2017-12-19,29.88,30.87,29.81,30.65,313388
2017-12-18,30.59,30.93,30.25,30.44,247231
2017-12-15,30.23,30.59,29.52,30.29,1396767
2017-12-14,30.28,31.65,29.95,30.90,529836
2017-12-13,30.82,31.31,30.60,30.81,328565
2017-12-12,30.68,31.49,30.54,31.00,330795
2017-12-11,30.94,32.18,30.93,31.99,415018
2017-12-08,31.82,31.96,31.06,31.61,366036
2017-12-07,31.53,31.75,30.43,30.69,450744
2017-12-06,30.75,30.98,29.63,29.82,521988
2017-12-05,29.97,30.70,29.56,29.67,422046
2017-12-04,29.62,31.33,29.54,31.13,400864
2017-12-01,30.75,31.75,29.66,31.25,433712
2017-11-30,30.99,31.38,30.43,30.61,431818
2017-11-29,30.44,30.95,29.68,29.74,480795
2017-11-28,29.61,29.70,28.17,28.82,619042
2017-11-27,28.66,29.79,28.65,29.29,442896
2017-11-24,29.28,29.54,27.52,27.52,397505
2017-11-22,27.40,27.55,27.10,27.23,199214
2017-11-21,27.23,27.44,26.69,26.77,264693
2017-11-20,26.69,26.82,26.25,26.46,154885
2017-11-17,26.53,26.79,26.17,26.34,291162
2017-11-16,26.55,26.85,26.02,26.37,291125
2017-11-15,26.28,26.62,24.87,25.14,404787
2017-11-14,25.49,26.46,24.84,26.31,479595
2017-11-13,26.38,26.80,26.31,26.56,303573
2017-11-10,26.75,26.98,26.09,26.25,443376
2017-11-09,26.29,26.48,25.52,25.97,474735
2017-11-08,25.97,28.00,24.33,27.70,1454825
2017-11-07,27.90,28.61,27.70,28.12,607983
2017-11-06,28.19,28.97,28.13,28.75,406337
2017-11-03,28.56,28.77,27.83,27.83,589530
2017-11-02,27.85,28.20,27.06,27.29,339962
2017-11-01,27.38,28.45,27.10,28.23,424749
2017-10-31,28.03,28.64,27.80,28.07,390553
2017-10-30,27.98,28.70,27.55,27.75,511110
2017-10-27,27.83,27.96,26.91,27.00,380417
2017-10-26,26.90,27.37,26.68,26.94,321953
2017-10-25,26.96,27.48,26.73,27.32,317352
2017-10-24,27.26,27.89,27.00,27.14,463793
2017-10-23,27.17,27.49,26.84,27.30,346449
2017-10-20,27.28,27.51,26.79,27.51,442490
2017-10-19,27.31,28.01,26.40,28.01,740230
2017-10-18,27.56,28.28,27.06,27.11,769532
2017-10-17,26.85,26.93,25.35,25.43,564028
2017-10-16,25.56,26.25,25.20,25.34,323585
2017-10-13,25.35,26.21,25.24,26.20,369942
2017-10-12,26.17,26.59,26.01,26.43,354051
2017-10-11,26.44,26.60,26.05,26.14,526108
2017-10-10,26.12,26.48,25.63,26.38,519244
2017-10-09,26.36,26.73,26.07,26.10,343599
2017-10-06,25.99,26.00,25.50,25.74,250073
2017-10-05,25.84,26.07,25.54,25.88,305617
2017-10-04,25.83,26.16,25.51,25.72,236460
2017-10-03,25.89,25.91,25.51,25.90,240422
2017-10-02,25.90,25.90,25.41,25.46,333759
2017-09-29,25.50,25.75,25.35,25.60,261896
2017-09-28,25.55,25.59,24.75,25.07,324653
2017-09-27,25.10,25.35,24.41,24.77,335604
2017-09-26,24.58,25.93,24.56,25.91,445828
2017-09-25,25.75,25.99,25.00,25.00,698534
2017-09-22,25.09,25.17,24.72,25.12,397227
2017-09-21,25.11,25.32,24.66,24.81,386956
2017-09-20,24.93,24.94,24.37,24.59,278206
2017-09-19,24.53,24.65,24.13,24.34,323141
2017-09-18,24.31,25.14,24.26,24.41,620649
2017-09-15,24.40,24.59,24.07,24.36,2894859
2017-09-14,24.29,24.36,23.79,24.00,445280
2017-09-13,24.07,24.70,23.95,24.14,385995
2017-09-12,24.23,24.60,23.97,24.60,501372
2017-09-11,24.30,24.74,23.78,24.29,589508
2017-09-08,24.22,24.95,23.65,23.80,655069
2017-09-07,23.81,23.91,22.95,23.06,410426
2017-09-06,23.02,23.49,22.77,22.77,655604
2017-09-05,22.71,23.38,22.34,23.07,691671
2017-09-01,23.09,23.49,22.83,23.28,351234
2017-08-31,23.18,23.38,22.52,22.52,442726
2017-08-30,22.49,22.75,22.23,22.59,271847
2017-08-29,22.54,22.79,22.30,22.37,293199
2017-08-28,22.58,22.94,22.26,22.49,417101
2017-08-25,22.21,23.26,21.76,22.12,594613
2017-08-24,22.13,22.22,20.75,20.89,729513
2017-08-23,20.75,21.21,20.53,20.86,334438
2017-08-22,21.02,21.49,20.40,20.40,546466
2017-08-21,20.26,20.58,20.02,20.45,415898
2017-08-18,20.53,21.00,20.36,20.47,362676
2017-08-17,20.58,21.25,20.40,20.64,401895
2017-08-16,20.67,21.35,20.57,21.35,468711
2017-08-15,21.27,21.46,21.01,21.46,357709
2017-08-14,21.39,21.49,21.01,21.03,400030
2017-08-11,21.03,21.07,20.38,20.97,596252
2017-08-10,20.65,21.24,20.12,20.50,691540
2017-08-09,20.73,21.68,20.51,21.12,682964
2017-08-08,21.25,22.75,20.90,22.18,1628838
2017-08-07,23.36,23.69,23.15,23.26,521634
2017-08-04,23.26,23.82,23.02,23.61,843712
2017-08-03,23.59,24.41,23.42,24.20,502944
2017-08-02,24.15,24.45,23.73,24.24,956734
2017-08-01,24.06,24.45,23.03,23.77,643171
2017-07-31,23.76,24.24,23.51,24.03,393484
2017-07-28,24.03,24.20,23.08,23.22,562976
2017-07-27,23.33,24.47,23.00,24.47,1174822
2017-07-26,24.37,24.64,24.11,24.36,893992
2017-07-25,24.35,24.70,24.05,24.35,875442
2017-07-24,24.34,24.55,23.86,24.15,1014860
2017-07-21,24.05,24.29,23.38,23.42,1373195
2017-07-20,23.58,23.80,22.52,23.01,1161663
2017-07-19,23.00,23.74,22.65,23.26,861697
2017-07-18,23.00,23.99,22.15,23.96,2342558
2017-07-17,24.06,24.63,24.02,24.50,828453
2017-07-14,24.28,25.00,24.08,24.93,1180562
2017-07-13,24.54,24.97,23.40,24.64,8507992
2017-07-12,25.36,26.38,24.33,25.10,5384515
2017-07-11,26.00,27.86,25.06,25.25,15004115
2017-07-10,18.39,19.44,18.26,19.44,2533743
2017-07-07,19.25,19.90,18.74,18.92,1706699
2017-07-06,17.99,18.64,17.21,17.38,1043660
2017-07-05,17.52,17.93,17.04,17.46,841063
2017-07-03,17.48,17.51,16.95,17.00,290399
2017-06-30,16.87,17.37,15.97,16.44,752803
2017-06-29,16.52,17.24,16.13,16.79,753522
2017-06-28,16.53,16.59,15.31,15.37,657864
2017-06-27,15.23,16.17,14.92,15.85,875947
2017-06-26,15.08,15.35,14.65,14.88,574294
2017-06-23,14.88,16.50,14.54,16.19,971076
2017-06-22,16.19,17.75,16.09,16.80,1159744
2017-06-21,16.60,16.79,15.40,15.60,958392
2017-06-20,15.75,15.93,13.69,13.97,1230556
2017-06-19,14.03,14.07,12.51,12.90,927180
2017-06-16,13.10,13.10,12.30,12.50,5449206
2017-06-15,12.60,13.30,12.20,12.70,4642951
2017-06-14,13.50,13.70,13.30,13.30,1080468
2017-06-13,13.60,13.90,13.40,13.90,941144
2017-06-12,13.90,14.00,13.50,13.60,1422502
2017-06-09,13.60,14.20,13.60,14.00,1521224
2017-06-08,14.00,14.30,13.70,13.80,1854523
2017-06-07,13.70,13.90,13.60,13.90,719707
2017-06-06,13.90,14.00,13.60,14.00,1811629
2017-06-05,13.90,14.10,13.10,13.50,2915085
2017-06-02,13.50,13.90,13.20,13.80,2258753
2017-06-01,13.80,13.80,13.15,13.20,2218417
2017-05-31,13.00,13.40,12.70,13.10,1173183
2017-05-30,13.20,13.50,13.00,13.40,806760
2017-05-26,13.10,13.70,13.00,13.60,1225879
2017-05-25,13.60,14.00,13.60,13.90,1288412
2017-05-24,13.80,14.00,13.60,13.70,1434111
2017-05-23,13.60,13.80,13.50,13.60,1065626
2017-05-22,13.40,13.70,13.10,13.40,2010218
2017-05-19,13.30,13.90,12.20,12.70,7013464
2017-05-18,11.50,11.80,11.30,11.70,2739716
2017-05-17,11.50,11.90,11.50,11.70,1576048
2017-05-16,11.90,12.20,11.80,11.90,1008048
2017-05-15,12.00,12.30,11.90,12.30,1662843
2017-05-12,12.00,12.20,11.70,11.80,1980304
2017-05-11,11.80,12.10,11.70,11.80,2255362
2017-05-10,11.90,12.50,11.90,12.10,2434633
2017-05-09,12.90,12.90,12.30,12.30,2273224
2017-05-08,12.20,12.50,12.00,12.20,1851075
2017-05-05,12.20,12.60,12.10,12.40,1814861
2017-05-04,12.50,13.42,12.40,13.40,2139655
2017-05-03,13.30,13.52,13.20,13.50,1299807
2017-05-02,13.60,13.90,13.40,13.80,3334248
2017-05-01,13.80,14.00,13.40,13.80,1909686
2017-04-28,13.40,13.95,13.30,13.90,7591247
2017-04-27,13.80,14.10,13.80,14.10,1191151
2017-04-26,13.90,14.10,13.90,14.10,1623504
2017-04-25,13.90,14.10,13.70,13.70,3116911
2017-04-24,13.60,14.10,13.12,13.20,2744953
2017-04-21,13.00,13.20,12.70,12.80,3204254
2017-04-20,12.90,12.90,12.50,12.70,1884094
2017-04-19,12.70,12.90,12.50,12.60,2952626
2017-04-18,12.80,12.90,12.00,12.30,26619368
2017-04-17,14.80,14.80,14.20,14.30,1579133
2017-04-13,14.30,14.30,13.90,14.20,1814528
2017-04-12,14.20,14.50,14.10,14.40,1027366
2017-04-11,14.30,14.40,14.00,14.00,970861
2017-04-10,14.10,14.40,14.00,14.30,881508
2017-04-07,14.10,14.50,14.00,14.30,1623212
2017-04-06,14.30,14.30,14.10,14.10,1292404
2017-04-05,14.10,14.70,14.00,14.50,1989517
2017-04-04,14.50,14.80,14.40,14.40,1859394
2017-04-03,14.30,14.90,14.30,14.50,2548976
2017-03-31,14.60,14.80,14.50,14.60,968098
2017-03-30,14.70,14.80,14.40,14.40,1574121
2017-03-29,14.40,14.80,14.40,14.60,1274519
2017-03-28,14.60,15.00,14.60,14.80,1320406
2017-03-27,14.90,15.00,14.50,14.50,1341708
2017-03-24,14.60,14.70,14.50,14.60,1194819
2017-03-23,14.50,14.70,14.10,14.30,1469568
2017-03-22,14.30,14.60,14.20,14.40,2276148
2017-03-21,14.40,15.10,14.30,15.00,3436715
2017-03-20,15.05,15.50,15.00,15.50,1416487
2017-03-17,15.50,15.50,15.00,15.40,3447236
2017-03-16,15.70,16.00,15.20,16.00,2302087
2017-03-15,16.00,17.02,15.50,16.60,14811198
2017-03-14,14.20,14.60,14.20,14.40,2074075
2017-03-13,14.40,15.00,14.40,14.90,578149
2017-03-10,14.80,15.00,14.40,14.50,1011062
2017-03-09,14.40,14.80,14.40,14.50,532891
2017-03-08,14.40,15.10,14.40,14.70,635628
2017-03-07,14.70,15.40,14.70,15.30,801364
2017-03-06,15.30,15.50,15.20,15.30,731621
2017-03-03,15.40,15.60,15.20,15.30,733987
2017-03-02,15.20,16.30,15.20,16.00,1119211
2017-03-01,16.00,16.20,15.60,15.90,1583521
2017-02-28,15.80,15.90,15.10,15.90,1165273
2017-02-27,15.70,15.90,14.50,14.50,2022964
2017-02-24,14.70,15.00,14.30,15.00,886668
2017-02-23,14.20,14.40,14.00,14.20,626985
2017-02-22,14.20,14.70,14.20,14.50,910973
2017-02-21,14.50,15.20,14.50,15.00,1158806
2017-02-17,14.90,15.50,14.60,15.10,981066
2017-02-16,14.90,15.60,14.80,15.40,1603508
2017-02-15,15.40,15.40,14.50,14.60,843783
2017-02-14,14.60,14.80,14.40,14.50,902217
2017-02-13,14.60,14.90,14.50,14.90,733138
2017-02-10,14.70,15.00,14.60,14.90,975897
2017-02-09,14.90,15.10,14.50,14.70,1269297
2017-02-08,14.70,15.10,14.50,14.90,976125
2017-02-07,14.90,16.20,14.80,16.10,1625610
2017-02-06,16.00,16.50,15.90,16.30,1398463
2017-02-03,16.50,16.60,16.00,16.60,1005495
2017-02-02,16.40,16.60,15.80,16.30,2143407
2017-02-01,16.10,16.40,15.10,15.50,3939095
2017-01-31,15.40,15.50,14.20,14.30,2947280
2017-01-30,14.50,14.80,14.30,14.60,1304704
2017-01-27,14.80,14.90,14.30,14.40,1502223
2017-01-26,14.40,14.80,14.30,14.70,924130
2017-01-25,14.50,14.70,14.30,14.60,1521795
2017-01-24,14.40,14.50,14.00,14.10,2464536
2017-01-23,14.00,14.20,13.50,13.70,1392100
2017-01-20,13.70,14.00,13.42,13.50,1868378
2017-01-19,13.60,13.90,13.50,13.80,2139164
2017-01-18,13.70,14.00,13.50,13.80,3660690
2017-01-17,13.80,14.50,13.80,14.40,3156982
2017-01-13,14.20,14.80,14.10,14.40,1962774
2017-01-12,14.50,15.00,14.00,14.00,2635864
2017-01-11,14.10,14.70,14.00,14.40,2275762
2017-01-10,14.40,15.00,14.30,15.00,1064674
2017-01-09,14.80,15.29,14.60,15.20,1046915
2017-01-06,15.10,15.40,15.00,15.40,1166131
2017-01-05,15.10,15.60,15.00,15.50,1407881
2017-01-04,15.00,15.10,14.70,14.80,1937772
2017-01-03,14.70,14.90,14.30,14.40,964782
2016-12-30,14.20,14.70,14.10,14.50,1902396
2016-12-29,14.50,15.40,14.50,15.30,1151757
2016-12-28,15.00,15.50,15.00,15.10,958577
2016-12-27,15.30,15.60,15.12,15.20,1783690
2016-12-23,15.30,15.30,14.44,14.50,2158089
2016-12-22,14.70,14.85,13.90,14.10,1731445
2016-12-21,14.00,14.70,14.00,14.50,1276934
2016-12-20,14.40,14.65,14.30,14.50,1118272
2016-12-19,14.10,15.30,14.10,14.60,3483838
2016-12-16,14.60,15.20,14.40,15.10,2401456
2016-12-15,15.00,15.00,14.30,14.40,1383720
2016-12-14,14.40,14.60,14.10,14.60,697519
2016-12-13,14.60,14.70,14.00,14.10,1242024
2016-12-12,14.00,14.30,14.00,14.10,920090
2016-12-09,14.10,14.70,13.80,13.80,2597080
2016-12-08,13.70,14.20,13.70,14.20,2196060
2016-12-07,14.00,14.80,14.00,14.60,1772333
2016-12-06,14.80,14.90,14.10,14.60,1366185
2016-12-05,14.50,14.60,13.91,14.20,1244331
2016-12-02,14.10,14.60,13.70,14.00,2936708
2016-12-01,14.00,14.80,14.00,14.80,1924080
2016-11-30,14.50,15.20,14.40,15.00,1453190
2016-11-29,15.10,15.50,15.00,15.50,1266245
2016-11-28,15.20,16.00,15.20,15.80,1304147
2016-11-25,16.00,16.40,15.70,15.90,690441
2016-11-23,15.90,16.00,14.50,14.90,1657039
2016-11-22,15.10,15.80,14.95,15.40,1134944
2016-11-21,15.50,15.70,15.30,15.70,855133
2016-11-18,15.80,16.00,15.10,15.60,1288046
2016-11-17,15.70,16.00,15.50,15.80,971508
2016-11-16,15.70,16.65,15.60,16.30,1464898
2016-11-15,16.40,16.70,16.00,16.70,1311623
2016-11-14,16.70,16.75,16.00,16.70,2181728
2016-11-11,16.40,16.40,15.70,16.10,2368436
2016-11-10,16.00,16.40,15.70,16.40,2390257
2016-11-09,15.90,16.10,15.40,15.50,3240072
2016-11-08,15.40,16.45,14.80,15.00,2760531
2016-11-07,14.70,14.70,13.90,14.30,1834923
2016-11-04,13.90,14.10,13.65,13.70,928824
2016-11-03,13.50,14.10,13.50,14.00,1804403
2016-11-02,14.00,15.00,14.00,15.00,1329116
2016-11-01,14.90,15.10,14.80,14.90,560430
2016-10-31,14.80,15.40,14.80,15.00,1266689
2016-10-28,15.20,15.80,15.10,15.80,1274093
2016-10-27,15.60,16.60,15.60,16.10,1068688
2016-10-26,15.90,16.50,15.60,16.00,686548
2016-10-25,16.10,16.25,15.90,16.00,1012278
2016-10-24,15.90,16.00,15.80,15.90,627950
2016-10-21,15.70,16.20,15.70,15.70,597931
2016-10-20,15.90,16.00,15.30,15.40,1372746
2016-10-19,15.30,15.60,15.30,15.40,954920
2016-10-18,15.30,16.30,15.20,15.90,2785346
2016-10-17,15.70,16.50,15.40,15.60,2611500
2016-10-14,15.50,17.10,15.50,17.00,2516608
2016-10-13,16.90,17.60,16.90,17.10,928566
2016-10-12,17.30,18.80,17.30,18.40,1065489
2016-10-11,18.40,19.10,18.40,18.70,1129377
2016-10-10,18.60,19.20,18.40,18.90,1238874
2016-10-07,18.60,18.90,18.21,18.40,582940
2016-10-06,18.20,18.70,18.20,18.50,625308
2016-10-05,18.60,19.00,18.40,18.60,826759
2016-10-04,18.40,19.00,18.00,18.30,2196532
2016-10-03,18.30,18.80,17.60,17.70,2259661
2016-09-30,17.50,17.99,17.20,17.80,2449560
2016-09-29,17.50,18.00,17.40,17.80,1419863
2016-09-28,17.70,18.20,17.50,18.20,1806546
2016-09-27,18.10,18.10,17.10,17.30,1731999
2016-09-26,17.30,17.70,17.30,17.30,713464
2016-09-23,17.40,17.90,17.20,17.60,1415905
2016-09-22,17.70,18.30,17.60,17.90,4079788
2016-09-21,17.80,17.90,17.00,17.30,2091818
2016-09-20,17.10,17.80,17.00,17.10,1204393
2016-09-19,16.90,17.10,16.60,16.60,991326
2016-09-16,16.60,17.90,16.20,17.80,6302748
2016-09-15,17.40,17.40,15.50,15.90,7678857
2016-09-14,15.40,15.50,15.10,15.10,1339215
2016-09-13,15.00,15.60,14.70,15.30,2877635
2016-09-12,15.60,15.60,14.89,14.90,1558002
2016-09-09,14.80,15.85,14.80,15.70,2300039
2016-09-08,15.90,16.20,15.40,15.60,1055347
2016-09-07,15.50,15.80,15.30,15.30,782043
2016-09-06,15.40,16.00,15.30,15.90,3095517
2016-09-02,15.70,15.90,15.60,15.80,876867
2016-09-01,15.60,15.70,15.20,15.40,2310872
2016-08-31,15.50,15.80,15.40,15.80,1064982
2016-08-30,15.70,16.30,15.60,16.10,1396012
2016-08-29,16.00,16.50,15.70,16.20,1357940
2016-08-26,16.30,16.60,16.00,16.30,699033
2016-08-25,16.30,16.80,15.90,16.10,1623113
2016-08-24,15.90,17.00,15.90,16.80,1539080
2016-08-23,16.80,17.00,16.60,17.00,1403152
2016-08-22,16.80,16.80,16.20,16.20,826406
2016-08-19,16.20,16.70,16.20,16.30,626259
2016-08-18,16.40,16.60,16.10,16.10,490869
2016-08-17,16.20,16.60,16.10,16.50,669245
2016-08-16,16.50,17.00,16.50,16.90,897535
2016-08-15,17.10,17.30,16.70,16.70,1047418
2016-08-12,16.70,16.70,16.30,16.50,397566
2016-08-11,16.60,16.70,16.10,16.10,718124
2016-08-10,16.10,16.70,16.10,16.60,910304
2016-08-09,16.70,16.90,16.00,16.00,1157533
2016-08-08,16.80,17.55,16.80,17.30,981026
2016-08-05,17.40,17.60,17.05,17.10,1070185
2016-08-04,17.10,17.70,17.10,17.50,739745
2016-08-03,17.30,17.55,16.10,16.20,1007575
2016-08-02,16.30,16.90,16.10,16.80,1009733
2016-08-01,16.85,17.00,16.50,16.80,676592
2016-07-29,16.70,17.00,16.60,16.70,739472
2016-07-28,16.80,17.20,16.60,16.90,721806
2016-07-27,17.10,17.35,16.60,17.10,2324041
2016-07-26,16.70,17.20,16.42,16.60,1943909
2016-07-25,16.60,17.30,16.30,16.90,719692
2016-07-22,16.80,17.92,16.80,17.80,3396243
2016-07-21,17.80,18.20,17.70,18.00,1158719
2016-07-20,17.80,17.90,17.10,17.30,1203505
2016-07-19,17.20,18.20,17.10,18.00,2706480
2016-07-18,17.00,17.40,16.31,16.80,1848882
2016-07-15,16.60,16.60,16.20,16.30,1022410
2016-07-14,16.30,17.40,16.20,17.40,2090626
2016-07-13,16.00,16.50,16.00,16.30,1367756
2016-07-12,16.20,16.60,16.00,16.30,4629036
2016-07-11,16.20,17.40,15.70,17.00,5037532
2016-07-08,17.00,17.00,16.20,16.50,2297565
2016-07-07,16.40,16.40,15.86,16.10,1111230
2016-07-06,16.10,16.20,15.60,16.00,959777
2016-07-05,16.00,16.50,16.00,16.40,1107291
2016-07-01,16.60,17.00,16.20,16.50,1784440
2016-06-30,17.10,18.00,16.50,17.50,1654354
2016-06-29,17.50,17.80,17.00,17.40,889725
2016-06-28,17.10,17.40,16.80,16.80,1382230
2016-06-27,16.50,18.10,16.50,17.90,1662963
2016-06-24,18.10,18.50,17.47,18.00,2149992
2016-06-23,19.10,19.10,18.30,18.60,1141408
2016-06-22,18.50,19.10,18.20,18.70,1137266
2016-06-21,18.70,19.40,18.30,19.00,885967
2016-06-20,19.00,19.20,18.60,18.60,730475
2016-06-17,18.40,19.50,18.30,19.00,2484819
2016-06-16,18.90,19.90,18.30,19.40,1217965
2016-06-15,19.40,20.20,19.30,19.70,1001516
2016-06-14,19.60,20.30,19.10,19.90,1083149
2016-06-13,20.00,20.69,19.60,20.20,1115663
2016-06-10,19.90,20.40,19.40,20.30,1743125
2016-06-09,20.60,21.60,20.60,21.60,1688423
2016-06-08,21.50,21.50,19.30,19.90,2510658
2016-06-07,19.60,20.00,19.10,19.90,1079964
2016-06-06,20.10,20.10,18.20,18.70,2133372
2016-06-03,18.70,19.50,18.10,19.50,1601258
2016-06-02,19.30,19.30,17.80,17.80,2840142
2016-06-01,17.90,18.20,17.60,18.10,890526
2016-05-31,18.10,18.20,17.37,17.50,1371521
2016-05-27,17.50,17.60,16.20,16.20,2390964
2016-05-26,16.20,16.40,15.90,16.00,1008561
2016-05-25,15.90,16.70,15.90,16.30,1571694
2016-05-24,16.30,16.60,16.10,16.40,1619670
2016-05-23,16.20,16.50,15.60,15.60,2037349
2016-05-20,15.70,15.80,15.20,15.30,2626608
2016-05-19,15.10,15.50,14.90,14.90,1866653
2016-05-18,15.00,15.70,14.80,15.10,1713834
2016-05-17,15.20,16.10,15.10,15.70,2775349
2016-05-16,15.80,16.10,15.40,15.70,2303341
2016-05-13,15.30,15.70,15.00,15.10,1084958
2016-05-12,15.20,15.80,14.90,15.80,2133872
2016-05-11,15.50,16.60,15.50,16.00,2505647
2016-05-10,16.10,16.90,16.00,16.60,1995118
2016-05-09,15.80,16.00,15.30,15.70,2286188
2016-05-06,15.60,16.10,15.50,15.50,1919978
2016-05-05,15.75,16.20,15.20,15.90,2003682
2016-05-04,15.80,16.80,15.60,16.20,1738133
2016-05-03,16.20,17.30,16.20,16.60,1372301
2016-05-02,17.10,17.30,16.40,17.20,1804647
2016-04-29,17.20,18.00,17.20,17.90,1983630
2016-04-28,17.70,18.30,17.70,18.30,2073051
2016-04-27,17.90,18.40,17.40,17.80,2103847
2016-04-26,17.70,18.32,17.30,18.10,2948646
2016-04-25,18.00,18.80,18.00,18.50,863109
2016-04-22,18.50,19.20,18.40,18.50,1573556
2016-04-21,18.80,18.80,18.20,18.40,1523019
2016-04-20,18.40,18.70,18.00,18.10,705269
2016-04-19,18.20,18.80,18.20,18.70,1067372
2016-04-18,18.80,19.10,18.20,18.50,1228605
2016-04-15,18.50,19.10,18.40,18.60,1234869
2016-04-14,18.70,19.20,18.60,18.90,994655
2016-04-13,19.10,19.50,18.70,19.30,1581721
2016-04-12,18.90,20.40,18.60,19.90,3254991
2016-04-11,18.40,19.60,18.40,19.00,872819
2016-04-08,19.00,20.40,18.60,20.30,1461636
2016-04-07,20.00,20.30,19.60,20.00,1579634
2016-04-06,20.20,20.30,19.30,19.60,2063758
2016-04-05,19.30,20.35,19.20,20.10,1448307
2016-04-04,20.10,20.60,19.62,19.70,1452829
2016-04-01,19.80,20.20,19.34,19.80,1696576
2016-03-31,19.70,19.80,19.20,19.30,1504839
2016-03-30,19.10,19.90,18.70,19.00,1502004
2016-03-29,18.60,18.90,17.20,18.20,1527473
2016-03-28,18.30,18.90,18.20,18.50,2368999
2016-03-24,18.30,19.00,17.25,17.80,1420472
2016-03-23,17.90,20.50,17.80,19.40,2679992
2016-03-22,19.40,19.50,17.50,17.60,2305000
2016-03-21,17.80,18.20,16.20,16.40,3003444
2016-03-18,16.50,17.00,15.00,15.50,8490959
2016-03-17,15.30,15.50,13.60,14.20,981245
2016-03-16,14.10,14.80,13.90,14.50,2502373
2016-03-15,14.40,15.30,14.40,15.00,2813498
2016-03-14,15.30,15.70,14.60,14.60,3150998
2016-03-11,15.00,15.20,14.50,14.80,2072604
2016-03-10,14.60,15.60,14.60,15.40,2165032
2016-03-09,15.40,15.60,14.60,15.20,1267525
2016-03-08,15.00,16.30,15.00,15.40,1465265
2016-03-07,15.90,15.90,14.80,14.90,1463691
2016-03-04,15.10,15.80,14.90,15.80,2336641
2016-03-03,15.60,15.90,15.20,15.20,1399325
2016-03-02,15.50,15.60,14.65,15.00,2686483
2016-03-01,15.30,15.30,13.50,14.40,3948102
2016-02-29,14.90,15.50,14.50,15.40,2193212
2016-02-26,15.30,15.30,14.80,14.90,971137
2016-02-25,15.00,15.50,14.70,15.00,1246141
2016-02-24,15.10,15.20,14.20,14.50,2161518
2016-02-23,14.60,16.20,14.60,16.00,1354242
2016-02-22,16.20,16.40,15.90,16.10,1096950
2016-02-19,16.10,16.10,14.80,15.20,1458125
2016-02-18,15.20,16.50,15.10,16.40,1561555
2016-02-17,16.40,16.50,15.60,15.80,1752279
2016-02-16,15.80,16.00,15.00,15.10,1520177
2016-02-12,15.20,15.20,14.10,14.80,1378983
2016-02-11,14.70,14.80,13.90,14.50,2063664
2016-02-10,14.80,15.90,14.60,15.20,1632124
2016-02-09,15.20,15.90,14.40,14.90,1778273
2016-02-08,15.00,15.90,14.30,15.30,2889437
2016-02-05,15.70,16.60,15.40,15.70,2314979
2016-02-04,16.10,16.50,14.45,14.60,2345033
2016-02-03,14.50,14.99,13.20,14.40,3494647
2016-02-02,14.40,15.50,14.30,15.10,1813052
2016-02-01,15.20,15.80,14.80,15.50,1679365
2016-01-29,15.10,15.60,14.30,14.40,1510882
2016-01-28,14.60,15.50,14.50,15.10,1370384
2016-01-27,15.20,16.60,15.00,16.20,1713133
2016-01-26,16.30,16.75,15.40,16.70,1423475
2016-01-25,16.50,17.50,16.40,16.90,2354645
2016-01-22,17.00,17.10,16.40,16.60,1374204
2016-01-21,16.60,17.60,16.15,16.70,2206194
2016-01-20,16.70,16.70,14.40,14.90,2363849
2016-01-19,15.50,16.80,14.70,16.70,2134283
2016-01-15,16.50,16.60,15.20,16.00,3145917
2016-01-14,16.60,17.10,15.40,16.60,2725783
2016-01-13,16.20,17.30,15.40,17.30,4831800
2016-01-12,15.70,15.80,14.20,14.70,3157251
2016-01-11,14.50,17.40,13.00,16.70,4434837
2016-01-08,16.50,18.00,16.50,16.50,2269475
2016-01-07,16.30,17.40,16.20,17.20,2394887
2016-01-06,17.50,18.60,17.50,18.20,1911880
2016-01-05,18.60,18.85,18.10,18.60,1503429
2016-01-04,18.30,19.60,18.00,19.10,2438008
2015-12-31,19.00,19.50,18.90,19.00,1696018
2015-12-30,19.40,20.31,19.30,20.00,1800789
2015-12-29,20.30,20.60,19.50,19.50,2140674
2015-12-28,19.40,19.90,19.10,19.50,1510569
2015-12-24,19.70,20.20,19.60,20.00,704464
2015-12-23,20.00,20.40,19.37,19.70,1790380
2015-12-22,19.50,20.70,19.25,20.10,2246953
2015-12-21,20.30,20.40,18.50,19.30,2657724
2015-12-18,19.00,19.65,18.00,18.10,15315281
2015-12-17,18.30,18.90,17.90,18.80,2161548
2015-12-16,18.90,19.10,17.70,18.00,3031420
2015-12-15,17.90,18.60,17.00,17.30,3346077
2015-12-14,17.30,18.30,16.70,17.70,2972087
2015-12-11,17.50,19.30,17.50,18.60,2284918
2015-12-10,19.40,19.70,18.60,18.60,1353275
2015-12-09,18.60,19.60,18.50,18.90,1833710
2015-12-08,19.10,20.30,18.90,19.30,2546199
2015-12-07,19.10,21.10,19.00,20.40,2618924
2015-12-04,20.70,22.40,20.30,21.90,2463925
2015-12-03,22.00,23.20,21.40,23.10,3207117
2015-12-02,22.90,23.50,22.20,22.80,3315807
2015-12-01,22.60,26.80,22.00,26.30,6464178
2015-11-30,23.90,24.10,21.20,21.80,3826647
2015-11-27,21.50,22.00,21.13,21.40,675447
2015-11-25,21.30,21.50,21.00,21.00,1075478
2015-11-24,21.20,21.20,20.20,20.70,1573901
2015-11-23,20.80,21.40,20.50,21.00,1900040
2015-11-20,20.80,21.00,19.80,20.40,1863839
2015-11-19,20.20,20.40,19.25,19.90,2019393
2015-11-18,20.00,20.00,17.10,17.30,6203523
2015-11-17,17.30,18.00,16.70,17.30,4292620
2015-11-16,17.00,18.10,16.60,17.70,11138164
2015-11-13,17.80,18.40,16.80,17.30,4435777
2015-11-12,17.20,18.50,17.20,18.10,3773947
2015-11-11,18.00,20.13,18.00,20.00,4916250
2015-11-10,19.00,20.55,18.70,20.30,2410172
2015-11-09,20.60,21.00,20.25,21.00,1298317
2015-11-06,20.80,21.00,19.80,20.00,3501884
2015-11-05,20.40,22.00,20.20,21.50,2489823
2015-11-04,22.00,22.50,20.20,20.60,3303025
2015-11-03,20.50,21.90,20.00,21.30,3113987
2015-11-02,21.60,21.60,18.50,19.10,4703806
2015-10-30,18.90,18.90,16.00,18.00,7659246
2015-10-29,18.20,19.80,18.10,19.10,3851334
2015-10-28,19.60,21.80,19.00,21.80,8061606
2015-10-27,22.00,22.80,21.70,22.20,1442083
2015-10-26,22.10,23.29,22.10,23.20,1406418
2015-10-23,23.40,23.60,22.50,23.50,2315492
2015-10-22,23.30,23.40,21.60,22.40,2748303
2015-10-21,22.10,22.90,21.40,22.40,2419023
2015-10-20,22.30,23.04,22.15,22.50,2165329
2015-10-19,22.80,23.85,22.00,23.10,2000134
2015-10-16,23.10,24.50,22.40,24.20,6822656
2015-10-15,24.00,24.00,22.20,22.40,3984357
2015-10-14,22.60,23.20,21.95,22.00,3498645
2015-10-13,22.00,23.50,22.00,22.30,2886992
2015-10-12,22.60,22.70,21.40,21.90,2700969
2015-10-09,21.90,22.40,20.30,20.50,2552238
2015-10-08,20.50,21.40,19.70,20.90,2596702
2015-10-07,21.10,21.50,19.80,20.60,2506136
2015-10-06,20.60,22.60,19.20,22.60,3652867
2015-10-05,21.50,21.50,19.55,19.80,3345012
2015-10-02,19.80,19.80,17.30,18.10,3479531
2015-10-01,18.10,19.70,17.80,19.20,2777050
2015-09-30,19.10,20.60,18.55,19.50,3797125
2015-09-29,19.10,21.40,19.10,21.10,4746409
2015-09-28,21.20,22.40,20.40,22.40,3714094
2015-09-25,22.40,26.40,21.85,26.00,3378336
2015-09-24,25.90,26.00,24.80,25.70,1577784
2015-09-23,25.60,26.65,25.55,26.00,1161387
2015-09-22,26.10,26.20,25.20,26.00,2362678
2015-09-21,26.10,28.50,25.80,28.20,2720720
2015-09-18,27.90,29.50,27.80,28.90,4927929
2015-09-17,29.50,29.60,27.90,28.20,1946201
2015-09-16,28.30,29.50,28.00,29.20,1262434
2015-09-15,29.00,29.20,28.30,28.70,841930
2015-09-14,28.90,29.86,28.30,29.40,1672065
2015-09-11,28.60,28.70,26.80,27.00,2605084
2015-09-10,27.10,27.20,25.60,25.70,2453250
2015-09-09,25.70,28.10,25.70,28.00,2050943
2015-09-08,27.60,28.08,27.20,27.90,1410929
2015-09-04,27.40,27.70,26.70,27.00,1016440
2015-09-03,27.50,28.40,26.60,26.60,2732740
2015-09-02,27.00,27.00,25.70,25.90,1864058
2015-09-01,25.60,27.30,25.40,26.50,2393158
2015-08-31,27.10,28.20,26.50,27.10,2830694
2015-08-28,27.10,27.50,25.70,26.40,3696597
2015-08-27,26.50,27.50,26.00,27.20,4207360
2015-08-26,27.20,27.70,25.50,27.20,4082991
2015-08-25,26.80,28.90,26.50,28.20,4206802
2015-08-24,27.15,29.00,26.23,27.50,3266653
2015-08-21,29.70,30.50,27.40,27.40,7009838
2015-08-20,28.10,30.20,28.10,30.00,3537203
2015-08-19,30.20,32.10,30.00,32.10,4443906
2015-08-18,32.20,34.40,32.20,34.20,2305460
2015-08-17,34.30,34.40,33.30,33.80,1553839
2015-08-14,33.70,34.40,33.00,33.60,1728392
2015-08-13,33.80,35.50,33.80,34.70,1785250
2015-08-12,34.50,35.46,33.00,33.50,4311279
2015-08-11,33.80,35.80,33.40,34.70,1967847
2015-08-10,35.10,36.40,34.80,35.10,2505058
2015-08-07,35.20,37.38,34.75,37.00,2736686
2015-08-06,36.90,39.90,36.10,39.50,4270377
2015-08-05,40.30,40.80,39.80,40.80,1647932
2015-08-04,40.50,40.77,39.50,40.70,1697473
2015-08-03,40.60,40.80,40.00,40.30,1400951
2015-07-31,40.40,40.90,39.40,39.70,1119624
2015-07-30,39.70,40.80,38.60,40.40,2126062
2015-07-29,40.90,41.70,40.10,41.40,1953770
2015-07-28,40.80,41.05,39.40,40.40,1738008
2015-07-27,39.90,40.70,39.10,40.20,1967312
2015-07-24,40.50,41.70,40.50,41.10,1667247
2015-07-23,41.50,43.10,41.40,42.60,1963008
2015-07-22,42.50,43.00,42.05,42.40,1162723
2015-07-21,43.00,43.80,41.80,43.30,3724018
2015-07-20,43.50,45.50,43.30,45.30,2493244
2015-07-17,45.00,46.90,44.70,46.80,3719443
2015-07-16,46.60,48.63,46.10,47.40,3660199
2015-07-15,47.60,51.20,46.00,46.10,13891567
2015-07-14,44.70,45.00,43.80,43.80,1672096
2015-07-13,43.90,44.00,42.90,43.00,1212480
2015-07-10,42.90,43.20,42.10,42.90,1082066
2015-07-09,42.50,43.50,42.00,42.50,1669653
2015-07-08,41.90,44.50,41.80,44.40,3184893
2015-07-07,44.80,45.99,44.00,45.10,2890756
2015-07-06,45.20,45.80,43.60,43.90,2000554
2015-07-02,44.40,45.00,44.00,44.50,1349038
2015-07-01,44.70,47.20,43.50,46.50,2989255
2015-06-30,46.40,46.50,43.10,43.10,4694502
2015-06-29,43.00,44.30,42.70,43.00,2117667
2015-06-26,43.90,44.00,42.90,43.13,2817462
2015-06-25,43.30,44.20,43.00,43.61,2021092
2015-06-24,43.70,45.00,43.50,44.00,2443522
2015-06-23,44.80,45.00,44.15,44.90,1287187
2015-06-22,44.90,45.00,43.50,43.70,1862820
2015-06-19,44.20,45.70,43.60,44.90,3812491
2015-06-18,45.00,45.00,43.70,43.75,2835757
2015-06-17,43.80,43.90,42.50,42.80,2171705
2015-06-16,43.70,43.70,42.00,42.30,3126722
2015-06-15,42.30,42.40,40.40,41.10,2372015
2015-06-12,41.10,42.70,40.95,42.40,1965071
2015-06-11,42.80,43.80,42.70,43.40,1601061
2015-06-10,43.30,43.80,42.55,43.60,1772016
2015-06-09,43.00,44.30,42.60,44.30,3116886
2015-06-08,44.10,44.50,43.25,43.65,1655245
2015-06-05,43.60,43.70,42.20,42.70,2526100
2015-06-04,42.70,43.00,41.80,42.10,2302331
2015-06-03,42.30,42.80,41.70,42.20,1902712
2015-06-02,41.90,42.50,41.10,41.20,2752834
2015-06-01,41.30,42.10,39.30,39.30,3272216
2015-05-29,39.25,40.00,39.00,39.70,2149404
2015-05-28,39.85,40.18,39.00,39.85,2199250
2015-05-27,40.10,41.00,39.20,41.00,3694164
2015-05-26,41.00,42.40,41.00,41.60,1822349
2015-05-22,41.90,42.60,41.40,42.00,1629906
2015-05-21,42.00,42.90,41.60,42.50,1611792
2015-05-20,42.40,43.30,41.40,43.10,2954928
2015-05-19,43.10,44.14,43.00,43.90,2417541
2015-05-18,43.90,44.20,42.20,42.30,4010049
2015-05-15,42.50,43.00,42.25,42.60,2094031
2015-05-14,42.50,43.50,42.30,43.20,2322658
2015-05-13,42.95,43.50,42.20,42.20,2593060
2015-05-12,42.40,43.40,41.90,42.10,3302537
2015-05-11,41.50,42.70,41.40,42.30,3148185
2015-05-08,42.40,43.00,41.80,42.00,2618936
2015-05-07,41.50,42.50,40.90,41.30,2164750
2015-05-06,41.30,42.50,41.00,42.20,2676129
2015-05-05,42.10,43.00,41.80,43.00,3203792
2015-05-04,43.10,44.70,42.70,43.50,3011586
2015-05-01,43.40,44.60,42.50,44.00,3745085
2015-04-30,43.60,43.90,42.15,43.00,4356351
2015-04-29,43.20,45.20,42.90,44.50,5168131
2015-04-28,41.95,43.50,40.90,42.60,3491288
2015-04-27,42.20,45.20,42.20,44.80,3245136
2015-04-24,44.90,45.40,43.50,44.20,1539205
2015-04-23,44.40,45.00,43.60,44.40,2393177
2015-04-22,44.70,45.50,44.35,44.75,2096771
2015-04-21,44.60,46.00,44.60,45.70,2446225
2015-04-20,45.70,46.70,45.20,46.50,2393415
2015-04-17,46.40,47.30,45.50,46.20,3121266
2015-04-16,46.60,47.40,46.50,47.00,2047100
2015-04-15,47.10,47.90,44.82,44.82,4023604
2015-04-14,44.90,46.80,44.60,45.80,2477052
2015-04-13,45.60,46.80,45.30,45.50,2796661
2015-04-10,45.50,46.80,45.25,45.40,3140949
2015-04-09,45.40,45.90,44.60,45.70,2277218
2015-04-08,45.20,46.75,44.40,46.00,2682419
2015-04-07,45.30,47.00,44.80,45.80,3449252
2015-04-06,43.60,45.10,43.50,44.00,2041643
2015-04-02,44.60,44.90,42.90,42.90,3679252
2015-04-01,43.10,43.70,41.50,43.70,4688347
2015-03-31,43.70,46.00,43.70,44.60,2286638
2015-03-30,44.80,45.10,43.41,43.60,2719649
2015-03-27,43.30,44.40,42.80,43.20,2684092
2015-03-26,43.40,44.70,42.10,43.00,3406558
2015-03-25,43.60,46.00,43.40,46.00,3391966
2015-03-24,45.10,47.40,45.00,46.90,3763999
2015-03-23,47.00,48.55,45.80,47.70,2919368
2015-03-20,48.00,50.70,47.70,50.60,9297431
2015-03-19,50.10,51.20,49.70,50.00,3810417
2015-03-18,49.60,50.75,48.20,50.00,5440799
2015-03-17,49.90,50.65,46.90,47.10,9954893
2015-03-16,47.40,48.50,46.80,48.20,2611662
2015-03-13,48.10,48.50,45.70,47.20,6321489
2015-03-12,46.30,46.50,44.30,45.00,3963020
2015-03-11,44.70,46.65,44.35,45.10,4001679
2015-03-10,45.10,46.70,41.80,41.80,7240369
2015-03-09,42.40,43.40,42.20,43.30,4047562
2015-03-06,43.20,43.70,42.30,42.60,4609923
2015-03-05,42.30,44.00,42.00,43.50,4459936
2015-03-04,43.20,43.30,39.20,40.30,8003245
2015-03-03,40.40,42.00,38.50,42.00,13908920
2015-03-02,42.80,45.00,42.10,44.50,8821396
2015-02-27,45.10,47.50,44.75,47.30,6894611
2015-02-26,47.50,47.80,46.10,46.90,3578686
2015-02-25,47.10,47.40,43.30,44.50,5874219
2015-02-24,44.40,47.41,44.30,46.60,4773542
2015-02-23,46.40,47.50,45.60,46.40,4266807
2015-02-20,46.50,49.40,46.10,49.20,6942467
2015-02-19,49.00,49.70,47.29,47.80,4346335
2015-02-18,47.70,47.90,45.10,47.20,4018159
2015-02-17,46.70,47.40,45.50,46.40,3593881
2015-02-13,45.50,46.10,44.70,45.50,2735072
2015-02-12,45.30,45.80,43.70,44.56,3011462
2015-02-11,44.40,45.60,44.30,45.00,2983279
2015-02-10,44.90,46.19,44.40,45.00,3952032
2015-02-09,44.60,45.50,44.10,44.15,3070333
2015-02-06,44.40,45.80,44.10,44.90,3989376
2015-02-05,44.80,44.90,43.40,44.10,4356789
2015-02-04,43.20,44.70,42.90,44.60,5337860
2015-02-03,45.10,45.50,42.80,45.20,6969824
2015-02-02,43.70,44.90,41.30,43.80,6982537
2015-01-30,43.10,46.80,42.90,46.60,6458724
2015-01-29,45.10,45.90,44.20,45.90,3323919
2015-01-28,45.60,48.60,45.30,47.70,4752526
2015-01-27,47.70,48.30,45.50,45.60,5021478
2015-01-26,46.20,47.30,45.20,46.00,3605116
2015-01-23,45.50,47.30,45.00,46.40,5306555
2015-01-22,46.60,47.60,45.60,47.50,5069421
2015-01-21,47.10,50.40,47.00,49.90,20388540
2015-01-20,52.90,53.70,49.60,50.60,12344454
2015-01-16,54.05,55.00,51.30,52.00,9919145
2015-01-15,52.00,56.40,51.30,55.70,12123459
2015-01-14,56.70,61.30,56.12,59.00,13760211
2015-01-13,60.50,61.50,57.70,58.10,26327904
2015-01-12,56.50,59.30,53.70,54.50,16848025
2015-01-09,54.30,59.90,54.00,59.90,20615240
2015-01-08,57.60,62.80,51.00,55.40,60068587
2015-01-07,58.50,61.00,36.60,37.10,108077601
2015-01-06,33.20,35.90,33.00,35.30,3084659
2015-01-05,35.20,36.50,35.05,35.90,2912329
2015-01-02,35.90,36.30,34.40,35.30,5220368
2014-12-31,34.70,35.40,33.82,33.97,4273629
2014-12-30,34.00,34.31,33.40,33.40,3753507
2014-12-29,33.70,35.00,33.30,34.20,3781814
2014-12-26,34.20,36.00,34.00,35.70,4423360
2014-12-24,35.70,36.00,35.40,35.80,1662853
2014-12-23,35.80,37.90,35.80,37.80,3250359
2014-12-22,38.00,39.90,37.50,39.70,2730535
2014-12-19,39.90,41.00,39.44,40.40,10210768
2014-12-18,40.40,40.70,39.15,39.60,2243730
2014-12-17,39.00,39.10,37.40,38.20,2210193
2014-12-16,37.80,38.70,36.35,36.90,3056018
2014-12-15,37.20,39.50,37.10,39.50,3519073
2014-12-12,39.10,40.60,38.80,40.60,2925852
2014-12-11,40.90,41.95,40.80,41.10,1965520
2014-12-10,40.90,42.82,40.60,42.40,3102185
2014-12-09,42.40,42.50,40.80,41.30,2571561
2014-12-08,41.30,42.80,41.00,41.50,3045948
2014-12-05,42.70,43.00,41.30,41.50,2915114
2014-12-04,41.40,42.70,41.30,42.10,2067975
2014-12-03,42.00,42.50,41.10,41.60,2535473
2014-12-02,41.30,42.10,40.80,40.90,3913271
2014-12-01,40.70,41.90,40.50,41.50,2877496
2014-11-28,41.90,42.90,40.90,41.17,2365277
2014-11-26,41.20,41.70,41.00,41.30,2256723
2014-11-25,41.40,42.00,40.55,41.50,2941925
2014-11-24,41.40,41.70,40.90,41.25,1747232
2014-11-21,41.70,42.60,41.60,42.30,2838583
2014-11-20,41.80,41.80,40.10,40.50,2586881
2014-11-19,40.80,43.20,40.50,43.00,4724714
2014-11-18,43.10,45.55,43.00,45.00,4274983
2014-11-17,45.00,46.30,44.50,45.10,3216950
2014-11-14,45.30,47.00,45.00,46.20,3846680
2014-11-13,46.10,49.05,45.70,47.50,5867908
2014-11-12,46.95,47.60,44.40,44.70,5734281
2014-11-11,44.90,45.30,43.90,44.10,3900787
2014-11-10,44.00,44.10,42.20,42.60,4023366
2014-11-07,42.60,42.70,41.90,42.50,2068733
2014-11-06,42.50,43.60,42.40,42.44,3380701
2014-11-05,42.60,43.65,42.30,43.60,4315273
2014-11-04,43.10,43.20,41.40,41.70,6513017
2014-11-03,42.20,45.20,41.20,44.50,15359679
2014-10-31,43.60,45.00,43.50,45.00,4203814
2014-10-30,44.50,44.60,41.50,42.80,5011786
2014-10-29,42.60,45.20,42.20,44.60,3104924
2014-10-28,43.50,43.60,41.80,41.90,2398177
2014-10-27,41.90,42.10,40.70,41.40,1601430
2014-10-24,41.70,41.80,41.00,41.44,1744749
2014-10-23,41.00,41.90,40.80,41.30,2757561
2014-10-22,40.80,42.00,40.70,41.32,1733501
2014-10-21,41.60,43.05,41.50,42.00,3193999
2014-10-20,41.70,41.80,39.72,40.00,2859878
2014-10-17,40.10,42.00,39.70,41.00,3825287
2014-10-16,40.40,41.30,37.50,38.20,6571265
2014-10-15,38.30,38.50,35.40,36.10,4161790
2014-10-14,36.20,36.50,34.50,35.00,2711524
2014-10-13,35.30,36.80,32.60,36.40,5062707
2014-10-10,36.50,38.20,35.90,37.00,3953743
2014-10-09,37.40,38.40,36.70,38.20,3450377
2014-10-08,38.40,38.80,36.60,38.80,4657420
2014-10-07,38.90,39.90,38.90,39.50,2551520
2014-10-06,39.70,41.10,39.60,40.70,3229996
2014-10-03,40.70,41.20,39.90,40.90,2888751
2014-10-02,40.70,41.40,39.85,40.50,3158495
2014-10-01,40.90,42.10,39.80,41.80,6348189
2014-09-30,41.90,42.90,41.25,42.50,4823817
2014-09-29,42.50,42.50,40.60,41.00,2848286
2014-09-26,41.10,42.70,40.80,41.40,6060203
2014-09-25,41.30,41.55,40.50,41.10,4338317
2014-09-24,41.10,41.10,40.15,40.30,2304247
2014-09-23,40.20,41.80,40.10,41.50,3105021
2014-09-22,41.00,43.30,40.90,41.90,5724110
2014-09-19,41.60,47.40,41.60,43.00,14207911
2014-09-18,42.70,43.40,39.00,39.00,10975760
2014-09-17,39.00,39.80,38.90,39.30,1962255
2014-09-16,39.20,40.50,38.45,39.60,4561701
2014-09-15,39.10,40.50,38.40,40.40,4194014
2014-09-12,40.20,40.90,39.80,40.60,4063217
2014-09-11,40.50,40.70,39.30,39.70,4395951
2014-09-10,39.80,39.90,38.20,39.00,3642571
2014-09-09,39.00,39.90,38.70,39.10,4444845
2014-09-08,39.50,40.80,39.20,40.20,2872226
2014-09-05,40.30,40.90,39.00,40.60,4214750
2014-09-04,40.70,41.50,40.60,41.10,3333574
2014-09-03,41.20,41.80,40.70,41.40,5862185
2014-09-02,41.50,42.40,41.00,41.90,5715194
2014-08-29,41.20,43.10,41.00,41.40,4838576
2014-08-28,41.20,42.50,41.10,42.10,2753618
2014-08-27,42.20,42.75,42.00,42.50,3028808
2014-08-26,42.50,43.00,42.00,42.10,3328905
2014-08-25,41.80,42.70,41.60,41.70,3792753
2014-08-22,41.50,42.20,40.70,41.40,3364722
2014-08-21,41.10,42.72,40.50,42.30,5512570
2014-08-20,42.30,43.10,42.00,42.20,4615168
2014-08-19,42.30,43.20,41.90,42.00,4386379
2014-08-18,42.00,43.90,41.80,43.60,5253328
2014-08-15,43.40,44.50,42.80,44.50,3097107
2014-08-14,43.80,44.30,42.80,42.80,2204182
2014-08-13,42.90,43.20,42.60,42.90,1893496
2014-08-12,42.75,44.30,42.70,43.90,2552773
2014-08-11,43.90,44.70,43.80,44.20,3861850
2014-08-08,43.90,44.19,42.60,43.10,2203508
2014-08-07,43.00,45.30,42.60,44.80,3441150
2014-08-06,44.55,44.90,42.80,43.10,5340407
2014-08-05,43.30,43.50,41.80,42.90,5884713
2014-08-04,42.80,44.20,42.00,43.80,7856569
2014-08-01,44.60,48.50,43.60,48.40,9668693
2014-07-31,46.30,47.50,46.10,47.00,4473832
2014-07-30,47.70,48.60,47.00,47.60,2548574
2014-07-29,47.10,47.80,46.00,46.00,3504432
2014-07-28,46.10,47.90,45.60,47.60,5789143
2014-07-25,47.70,48.50,47.30,48.20,6639381
2014-07-24,48.50,49.10,48.00,48.60,5279951
2014-07-23,48.75,49.60,48.50,48.80,4738298
2014-07-22,48.35,49.60,48.00,49.20,4347191
2014-07-21,48.80,50.50,48.50,50.30,4285607
2014-07-18,49.50,50.10,47.75,47.90,5212268
2014-07-17,48.10,49.20,47.30,47.60,7212519
2014-07-16,47.70,50.50,47.30,50.50,6291515
2014-07-15,49.20,53.20,49.10,51.70,11886717
2014-07-14,51.40,55.00,50.90,54.30,5544314
2014-07-11,53.70,53.80,49.80,50.30,6028386
2014-07-10,50.60,50.60,48.90,49.10,5728940
2014-07-09,49.50,50.10,47.60,49.90,8168025
2014-07-08,50.10,52.50,49.80,52.00,7438872
2014-07-07,52.90,56.90,52.20,55.20,12609273
2014-07-03,58.40,59.00,57.90,58.40,2402657
2014-07-02,58.30,58.90,57.90,57.90,4296877
2014-07-01,58.00,59.50,58.00,58.50,4115865
2014-06-30,58.60,59.10,58.00,58.00,5290270
2014-06-27,58.50,58.70,57.60,58.10,5961496
2014-06-26,58.30,61.20,57.80,59.00,3002974
2014-06-25,58.80,59.50,58.10,59.00,5539799
2014-06-24,59.10,60.50,59.00,59.90,3095481
2014-06-23,59.80,61.20,59.00,60.50,4923408
2014-06-20,60.70,62.20,60.20,62.10,4298049
2014-06-19,61.70,62.90,61.20,62.20,3901842
2014-06-18,62.20,62.40,61.20,61.90,3788199
2014-06-17,62.00,62.80,61.10,62.70,4299208
2014-06-16,62.80,65.90,62.50,65.00,3345886
2014-06-13,65.00,65.40,63.20,64.00,4064253
2014-06-12,64.10,64.70,63.10,64.20,6610224
2014-06-11,61.80,62.50,59.70,60.20,9131892
2014-06-10,59.60,60.40,59.50,59.70,3126442
2014-06-09,59.70,60.00,57.60,59.20,7326364
2014-06-06,60.00,62.20,59.50,61.90,10549886
2014-06-05,61.50,61.80,60.20,60.50,2643899
2014-06-04,60.50,61.20,59.58,60.10,2667759
2014-06-03,60.10,61.20,59.80,60.80,2558776
2014-06-02,60.60,61.70,59.20,61.40,3527075
2014-05-30,61.50,63.60,61.00,62.60,3954792
2014-05-29,62.60,63.30,61.70,62.30,2532891
2014-05-28,62.60,64.10,62.20,62.50,4141334
2014-05-27,63.10,63.40,61.50,62.00,3318739
2014-05-23,61.90,63.00,61.50,62.30,2747366
2014-05-22,62.50,64.10,62.10,63.00,3066302
2014-05-21,63.00,64.90,62.40,63.80,3114881
2014-05-20,63.30,67.20,63.10,66.30,7126474
2014-05-19,65.05,65.45,63.00,63.60,2794267
2014-05-16,64.30,65.50,62.90,63.50,4234776
2014-05-15,63.70,63.90,60.80,63.60,4941968
2014-05-14,63.90,65.70,63.50,64.30,3475184
2014-05-13,64.10,67.50,63.70,66.00,7906362
2014-05-12,68.40,71.70,67.70,71.70,9147666
2014-05-09,71.90,72.20,68.50,70.00,9092731
2014-05-08,69.80,71.00,68.10,68.80,9396802
2014-05-07,68.50,69.80,66.70,68.90,5447873
2014-05-06,68.50,71.50,68.50,68.60,8463827
2014-05-05,68.80,69.10,65.80,66.20,3902042
2014-05-02,66.80,67.60,64.10,67.20,9123279
2014-05-01,66.60,67.20,62.50,63.50,6689788
2014-04-30,64.00,64.15,61.20,62.20,3465409
2014-04-29,62.90,63.40,60.60,61.00,4519033
2014-04-28,60.70,61.40,58.50,60.10,4133554
2014-04-25,59.60,61.60,59.30,61.20,4906306
2014-04-24,61.70,62.40,60.20,61.80,3156257
2014-04-23,61.60,63.30,61.10,63.10,4828196
2014-04-22,63.40,64.30,62.30,62.30,4299097
2014-04-21,62.00,63.40,61.30,61.80,4921016
2014-04-17,61.80,63.30,61.60,62.70,3706575
2014-04-16,63.00,64.40,62.10,64.00,5044999
2014-04-15,63.50,63.70,60.40,62.10,6981744
2014-04-14,61.50,63.60,60.00,61.70,4237279
2014-04-11,60.70,62.50,59.60,60.70,4127727
2014-04-10,61.80,65.60,61.00,65.60,5439115
2014-04-09,65.60,65.90,64.40,64.70,2710524
2014-04-08,64.30,65.00,62.20,63.70,4593416
2014-04-07,63.80,64.20,60.80,62.00,5827246
2014-04-04,62.20,65.90,61.10,65.00,6725427
2014-04-03,64.20,67.40,63.30,67.10,6179211
2014-04-02,66.70,67.50,65.00,66.00,4379767
2014-04-01,65.60,65.70,62.70,62.90,4906347
2014-03-31,63.00,63.20,60.50,61.40,5875796
2014-03-28,61.00,64.30,60.70,63.60,5536830
2014-03-27,63.00,64.10,60.60,61.80,5040048
2014-03-26,61.40,62.80,60.40,61.20,5186036
2014-03-25,60.50,61.90,60.00,60.60,6106757
2014-03-24,60.20,61.95,58.80,61.60,5912815
2014-03-21,61.50,63.50,60.30,63.30,9850853
2014-03-20,63.10,65.00,61.70,64.80,7098146
2014-03-19,65.15,66.70,64.60,66.20,3345097
2014-03-18,66.00,66.20,63.60,64.30,4693007
2014-03-17,64.20,66.40,63.50,65.50,5271196
2014-03-14,64.90,67.50,64.50,67.00,6828508
2014-03-13,66.80,71.80,66.35,71.30,7790445
2014-03-12,71.40,71.40,68.30,69.60,4854107
2014-03-11,70.30,70.90,68.30,69.80,5632192
2014-03-10,69.80,71.40,69.00,71.20,3060203
2014-03-07,71.20,72.40,69.90,71.00,5226815
2014-03-06,70.80,71.20,69.31,71.20,4437259
2014-03-05,70.70,71.50,69.40,71.00,5144562
2014-03-04,70.90,70.90,68.20,68.50,8182267
2014-03-03,68.00,68.50,63.80,64.00,6253401
2014-02-28,65.10,66.40,62.50,63.00,10749107
2014-02-27,67.70,68.90,66.30,68.90,7333200
2014-02-26,68.70,70.10,67.61,69.70,4436537
2014-02-25,70.00,71.00,68.60,69.70,3980463
2014-02-24,70.10,70.50,67.50,69.50,4838158
2014-02-21,69.20,70.30,66.70,67.80,7465369
2014-02-20,67.40,68.40,65.50,67.10,4673839
2014-02-19,67.10,69.30,67.00,69.30,3455989
2014-02-18,69.60,70.80,68.10,69.60,4376959
2014-02-14,69.30,73.60,69.10,73.40,7119224
2014-02-13,71.90,72.10,66.50,67.60,5911215
2014-02-12,68.30,68.80,66.00,67.60,4785854
2014-02-11,66.20,69.00,65.45,66.40,6607682
2014-02-10,64.30,64.80,60.99,61.60,6362167
2014-02-07,60.00,60.75,57.60,58.20,3885507
2014-02-06,58.10,60.70,57.50,60.20,4126405
2014-02-05,59.90,61.80,58.10,60.00,3810903
2014-02-04,60.70,62.00,59.70,60.10,5655267
2014-02-03,59.70,63.30,57.50,63.30,10165589
2014-01-31,63.30,67.80,63.10,67.80,8981111
2014-01-30,68.30,70.40,68.10,68.50,3428366
2014-01-29,67.70,70.40,66.60,69.20,4901577
2014-01-28,69.60,71.50,68.60,69.00,3734518
2014-01-27,69.30,73.80,66.10,73.80,7904643
2014-01-24,73.20,75.10,72.15,75.10,5202413
2014-01-23,75.30,75.80,72.67,74.90,5253567
2014-01-22,74.90,75.20,71.70,73.10,5212294
2014-01-21,73.20,74.50,70.60,74.50,7393263
2014-01-17,72.60,79.70,71.10,78.40,12238569
2014-01-16,77.20,77.30,72.45,72.90,12486921
2014-01-15,73.10,73.10,68.71,70.00,13783060
2014-01-14,68.20,68.35,65.60,66.80,6692241
2014-01-13,66.20,69.20,65.00,66.10,11878843
2014-01-10,63.70,64.10,61.00,61.50,7240462
2014-01-09,60.60,61.80,59.00,59.10,5427532
2014-01-08,59.20,59.70,58.20,58.20,3482868
2014-01-07,58.30,59.00,57.90,58.50,3368541
2014-01-06,58.50,59.50,58.00,59.30,5027799
2014-01-03,58.90,59.40,58.00,59.10,2571124
2014-01-02,58.70,59.70,57.20,58.60,3416018
2013-12-31,58.50,59.70,58.30,58.90,3616156
2013-12-30,58.80,60.30,58.00,60.30,3284377
2013-12-27,60.10,62.40,59.60,60.60,5991476
2013-12-26,59.80,61.50,56.30,56.30,7287522
2013-12-24,56.40,56.80,55.60,56.00,1247485
2013-12-23,56.30,56.60,54.80,55.50,2964742
2013-12-20,55.70,57.00,54.80,56.30,6062617
2013-12-19,56.00,57.00,54.88,55.60,3327132
2013-12-18,55.80,56.00,54.20,55.40,4106077
2013-12-17,55.20,56.60,55.10,56.20,2093807
2013-12-16,56.60,56.60,54.90,56.00,3939568
2013-12-13,55.60,57.80,55.30,57.60,3284123
2013-12-12,57.70,58.49,55.20,56.60,2919935
2013-12-11,56.50,58.00,55.54,57.80,3935864
2013-12-10,57.90,58.80,56.90,58.10,2324669
2013-12-09,58.20,59.10,57.10,59.10,4741593
2013-12-06,59.50,62.60,59.00,62.20,4826618
2013-12-05,62.00,64.90,61.70,64.90,4520287
2013-12-04,65.30,66.30,64.10,65.60,4888186
2013-12-03,66.00,67.10,64.90,66.90,5572935
2013-12-02,66.60,66.70,65.00,65.70,3958756
2013-11-29,65.20,66.30,64.40,64.80,2485688
2013-11-27,64.40,66.50,63.60,65.00,6325708
2013-11-26,64.00,64.20,61.50,62.70,6303337
2013-11-25,60.70,62.80,57.30,58.50,7392299
2013-11-22,58.50,59.30,57.30,57.50,6041365
2013-11-21,57.20,57.20,54.60,55.00,4548193
2013-11-20,54.90,55.80,54.00,55.00,2871975
2013-11-19,54.50,56.80,54.00,56.80,3475296
2013-11-18,55.75,58.50,55.20,56.80,7568514
2013-11-15,54.60,56.10,53.00,54.00,9665163
2013-11-14,51.11,53.00,50.50,52.20,3344116
2013-11-13,52.00,52.50,49.60,50.20,4757070
2013-11-12,50.50,55.00,49.70,54.50,9178842
2013-11-11,53.00,56.60,49.00,50.40,18748348
2013-11-08,47.90,49.80,44.00,44.50,16337629
2013-11-07,40.80,42.20,40.50,41.50,3357664
2013-11-06,41.45,43.50,40.50,43.30,4820384
2013-11-05,43.20,43.55,42.00,42.80,2171194
2013-11-04,42.75,43.90,42.40,43.70,3081468
2013-11-01,43.90,44.30,41.30,41.80,10331180
2013-10-31,43.80,44.20,42.50,43.60,3096174
2013-10-30,43.60,46.60,43.35,45.30,6580312
2013-10-29,45.00,47.80,44.80,47.50,5632210
2013-10-28,47.50,49.20,46.80,48.60,3582878
2013-10-25,47.50,48.90,45.50,45.90,6113641
2013-10-24,45.70,46.80,45.40,45.60,3314871
2013-10-23,45.45,45.90,44.00,44.50,3109724
2013-10-22,44.40,44.70,43.50,43.90,2762177
2013-10-21,43.90,45.90,43.70,45.10,2266295
2013-10-18,45.00,46.50,44.55,46.00,2940833
2013-10-17,45.50,46.30,45.20,46.00,3412332
2013-10-16,46.00,47.10,45.70,46.50,3921067
2013-10-15,45.70,47.50,44.50,44.60,8730222
2013-10-14,43.40,43.60,42.10,42.90,3212225
2013-10-11,43.70,43.70,42.00,42.40,3531855
2013-10-10,43.81,44.30,42.90,43.00,3876634
2013-10-09,42.70,45.60,42.25,45.00,6288303
2013-10-08,44.60,47.50,44.20,47.20,7456787
2013-10-07,47.30,48.30,47.20,48.10,5032792
2013-10-04,48.40,49.50,48.30,49.20,5199462
2013-10-03,49.40,51.10,48.90,50.40,7174840
2013-10-02,50.00,51.50,49.50,50.50,4192371
2013-10-01,51.10,53.00,47.80,50.70,16779570
2013-09-30,52.70,55.20,50.60,55.20,11377724
2013-09-27,57.90,59.30,57.70,59.00,2599535
2013-09-26,59.10,59.20,58.10,58.30,2627217
2013-09-25,57.90,59.10,57.60,57.90,3230132
2013-09-24,57.99,59.00,57.20,57.90,2933774
2013-09-23,58.05,59.70,57.50,59.40,3255941
2013-09-20,59.35,60.15,57.70,58.20,8255812
2013-09-19,57.95,59.00,57.80,58.40,2875062
2013-09-18,58.30,59.50,57.50,58.60,5144743
2013-09-17,58.50,59.60,57.80,59.60,4673787
2013-09-16,59.40,62.00,59.10,62.00,5179374
2013-09-13,60.60,61.00,57.20,58.90,7920156
2013-09-12,58.70,60.20,57.40,60.00,9455185
2013-09-11,60.25,63.70,59.90,63.40,9014927
2013-09-10,63.40,63.90,62.60,62.60,2876794
2013-09-09,63.20,64.20,62.60,63.70,4110543
2013-09-06,63.90,65.50,63.70,65.10,3317708
2013-09-05,65.00,65.80,64.60,65.30,2480662
2013-09-04,65.50,66.10,64.80,65.80,3807793
2013-09-03,65.70,66.50,64.30,64.90,3377924
2013-08-30,64.10,66.50,61.20,63.50,6373219
2013-08-29,63.50,65.80,63.10,65.50,8675714
2013-08-28,66.90,68.50,66.81,68.00,3442579
2013-08-27,68.00,70.00,67.50,69.60,3825524
2013-08-26,70.50,71.00,68.60,69.40,3402506
2013-08-23,69.60,71.60,68.90,71.40,4125569
2013-08-22,70.90,71.40,70.35,70.60,1500499
2013-08-21,70.60,71.30,69.50,70.00,2705822
2013-08-20,69.60,70.50,67.70,67.90,3877596
2013-08-19,68.00,69.10,67.50,68.40,3740944
2013-08-16,68.30,70.90,67.80,70.40,5897396
2013-08-15,70.90,71.80,70.10,71.40,3464980
2013-08-14,71.80,72.50,70.50,71.40,2280747
2013-08-13,71.80,73.30,70.40,71.00,4205943
2013-08-12,71.10,73.70,70.10,72.70,5388889
2013-08-09,73.30,76.30,72.60,74.60,3498167
2013-08-08,75.10,76.10,74.00,75.20,2975041
2013-08-07,75.00,77.10,72.50,73.70,7857440
2013-08-06,74.10,76.50,72.50,74.10,6072861
2013-08-05,74.90,75.30,69.30,69.50,8293419
2013-08-02,69.40,70.30,68.00,68.00,4902118
2013-08-01,68.60,71.50,68.20,71.50,6802682
2013-07-31,69.50,71.60,69.50,70.50,6122970
2013-07-30,69.70,70.00,67.10,67.20,4975274
2013-07-29,67.20,68.70,67.10,68.70,4470077
2013-07-26,68.60,70.10,68.30,69.60,3005415
2013-07-25,70.10,70.50,68.10,68.90,3262673
2013-07-24,68.70,69.70,68.50,69.50,3093920
2013-07-23,69.30,69.40,68.50,68.50,3579160
2013-07-22,68.70,69.70,68.50,69.10,4284149
2013-07-19,69.80,70.00,68.60,69.50,3799940
2013-07-18,71.30,72.40,70.60,71.80,2400210
2013-07-17,71.80,73.19,71.20,71.50,3420516
2013-07-16,71.40,72.20,70.30,71.40,2833171
2013-07-15,71.50,72.50,70.70,71.70,3719646
2013-07-12,72.00,72.50,67.50,67.80,8729728
2013-07-11,67.80,68.89,66.80,68.00,4633300
2013-07-10,68.10,70.00,66.80,69.70,6559184
2013-07-09,69.95,72.15,69.70,71.20,4255919
2013-07-08,71.10,72.50,69.60,70.00,5719941
2013-07-05,70.00,70.30,66.50,70.30,9691692
2013-07-03,71.60,74.40,71.10,74.10,4759721
2013-07-02,74.10,76.20,73.70,75.40,4407443
2013-07-01,75.50,78.70,74.80,77.60,5991921
2013-06-28,77.00,82.00,77.00,81.90,10319740
2013-06-27,84.70,84.80,80.60,81.30,4387995
2013-06-26,81.20,82.00,80.70,81.80,3020684
2013-06-25,80.90,83.10,80.00,82.40,5362507
2013-06-24,81.35,82.90,78.20,80.30,6299217
2013-06-21,80.45,81.70,74.80,75.40,13945659
2013-06-20,75.10,76.10,73.50,76.00,6589748
2013-06-19,76.10,78.30,75.00,78.10,7069181
2013-06-18,75.10,75.70,74.00,75.10,5434530
2013-06-17,75.00,78.80,74.20,78.50,9249545
2013-06-14,77.80,83.00,77.00,83.00,8971030
2013-06-13,83.40,84.60,82.80,83.80,3796600
2013-06-12,83.80,90.50,83.50,89.90,8898552
2013-06-11,87.70,88.90,86.50,87.80,3813030
2013-06-10,88.10,89.00,87.20,88.40,3868932
2013-06-07,86.90,88.70,85.00,88.10,4260916
2013-06-06,86.60,88.40,85.60,86.60,2793067
2013-06-05,86.30,88.90,85.10,87.50,4221772
2013-06-04,87.60,89.10,87.10,89.10,3192863
2013-06-03,88.80,89.60,87.20,89.00,4891962
2013-05-31,88.40,90.50,88.25,89.20,5240001
2013-05-30,89.00,89.70,87.00,88.20,4819354
2013-05-29,87.50,92.50,86.20,90.90,11559284
2013-05-28,89.40,90.00,83.50,83.60,14239223
2013-05-24,83.01,83.59,80.10,80.40,6433731
2013-05-23,80.60,81.20,78.40,79.00,4177986
2013-05-22,79.20,80.50,79.00,79.80,3681530
2013-05-21,79.90,80.40,79.40,79.60,2712212
2013-05-20,79.60,80.30,79.40,80.00,2881124
2013-05-17,79.80,80.60,79.40,80.50,2395561
2013-05-16,80.00,80.50,79.10,80.00,4564348
2013-05-15,80.50,81.40,79.80,80.00,4607247
2013-05-14,80.30,80.50,79.45,79.50,4703560
2013-05-13,79.60,80.60,79.00,80.30,5431041
2013-05-10,80.30,81.00,78.21,79.70,4082947
2013-05-09,79.39,82.40,79.20,81.60,6138532
2013-05-08,81.90,85.10,81.80,85.00,6915227
2013-05-07,83.40,85.10,77.50,79.30,16506235
2013-05-06,75.20,76.50,74.00,76.20,5127785
2013-05-03,76.30,78.10,75.00,75.50,20597884
2013-05-02,83.99,84.90,82.10,82.80,9397497
2013-05-01,82.30,82.90,81.50,82.00,5974250
2013-04-30,82.40,82.90,80.30,81.60,4490399
2013-04-29,81.00,82.30,80.80,82.20,2406291
2013-04-26,81.70,82.50,80.00,82.50,4956326
2013-04-25,83.41,85.50,78.50,78.80,7600207
2013-04-24,78.80,80.20,78.60,79.90,2480089
2013-04-23,79.40,80.50,78.90,79.90,2473764
2013-04-22,79.70,81.00,79.20,79.90,2482403
2013-04-19,80.00,81.10,78.65,80.40,5241311
2013-04-18,80.40,81.10,77.80,80.70,4634867
2013-04-17,80.60,81.90,80.30,81.20,2676092
2013-04-16,82.00,82.30,80.50,80.70,3098863
2013-04-15,80.40,82.40,80.10,82.20,3474651
2013-04-12,82.20,82.30,81.00,81.40,2300754
2013-04-11,81.30,82.45,80.20,80.60,4363334
2013-04-10,80.55,81.00,80.00,80.60,7202270
2013-04-09,80.20,81.20,79.30,80.50,3552072
2013-04-08,80.50,82.50,79.90,81.70,2290385
2013-04-05,81.30,82.70,81.00,82.30,2794663
2013-04-04,83.00,83.20,80.30,80.30,4210682
2013-04-03,80.80,81.90,79.80,80.90,3200068
2013-04-02,80.90,82.20,80.20,80.20,2850724
2013-04-01,80.20,83.20,79.60,82.30,4846556
2013-03-28,82.10,83.90,81.10,83.90,2754935
2013-03-27,83.10,83.50,80.35,80.90,3764354
2013-03-26,81.20,87.00,80.70,86.80,8941381
2013-03-25,85.30,86.90,84.00,85.70,11237867
2013-03-22,83.90,84.00,78.50,79.50,10442424
2013-03-21,79.00,79.65,77.00,78.40,4653750
2013-03-20,79.00,79.80,75.50,75.80,7301548
2013-03-19,75.00,79.60,73.90,79.40,10467568
2013-03-18,78.80,80.20,78.70,79.90,4410826
2013-03-15,80.30,81.50,79.60,81.10,5463870
2013-03-14,81.10,82.80,80.80,81.90,4018343
2013-03-13,81.20,84.20,81.00,83.00,5226079
2013-03-12,83.20,86.80,82.70,86.40,4893513
2013-03-11,86.40,86.55,84.50,85.10,5187324
2013-03-08,85.30,85.90,84.00,85.30,4522054
2013-03-07,84.60,85.50,83.90,85.40,3800176
2013-03-06,85.30,86.30,83.70,85.40,3777891
2013-03-05,85.40,85.70,81.50,82.50,7078825
2013-03-04,81.90,82.50,78.60,82.00,9529245
2013-03-01,83.40,84.70,82.60,83.70,4790392
2013-02-28,83.90,85.00,82.20,83.80,3190443
2013-02-27,83.50,84.20,80.10,81.50,4639361
2013-02-26,80.50,83.65,79.30,82.20,7921670
2013-02-25,82.70,87.00,82.50,85.50,4555040
2013-02-22,83.80,83.90,81.20,81.90,3776434
2013-02-21,80.70,83.30,80.00,82.90,5191228
2013-02-20,83.10,84.50,83.10,83.70,3421646
2013-02-19,83.50,84.50,83.00,83.90,2512608
2013-02-15,83.70,85.00,82.50,84.00,4146598
2013-02-14,83.50,84.70,83.00,83.70,2780612
2013-02-13,83.70,85.90,82.50,84.30,4464318
2013-02-12,84.00,87.00,84.00,85.60,3571280
2013-02-11,86.20,89.00,86.00,87.80,3864089
2013-02-08,87.10,87.30,85.50,85.90,3449131
2013-02-07,85.50,87.90,85.10,87.20,3566637
2013-02-06,87.20,88.90,86.80,87.80,5647298
2013-02-05,86.30,86.55,85.20,85.80,3301837
2013-02-04,85.80,86.50,84.20,85.20,4102367
2013-02-01,85.80,86.70,83.50,86.60,5811512
2013-01-31,84.50,86.50,80.00,80.10,10265862
2013-01-30,81.00,82.60,80.70,82.20,5892940
2013-01-29,83.50,85.50,83.10,85.10,5422762
2013-01-28,85.60,88.00,84.80,87.30,6243959
2013-01-25,87.10,87.80,86.20,87.40,5345082
2013-01-24,86.70,89.20,85.80,86.60,8369857
2013-01-23,86.80,88.50,86.40,88.20,6616609
2013-01-22,88.20,92.40,87.00,90.60,26840814
2013-01-18,97.70,103.00,97.60,101.10,20316768
2013-01-17,104.50,107.90,101.90,103.50,15268831
2013-01-16,104.50,110.00,102.90,109.90,16985872
2013-01-15,108.10,109.50,101.30,103.00,27968720
2013-01-14,102.01,103.10,96.50,98.90,20279864
2013-01-11,96.60,99.50,96.10,97.40,6467751
2013-01-10,97.00,99.50,95.00,96.60,12772696
2013-01-09,98.30,100.50,95.10,100.10,20021340
2013-01-08,101.10,101.40,93.10,93.30,30690864
2013-01-07,92.00,92.80,89.60,91.00,9426561
2013-01-04,90.00,91.20,88.70,89.80,6234262
2013-01-03,89.40,90.10,88.50,90.00,5518670
2013-01-02,90.10,92.20,89.00,91.30,8354967
2012-12-31,90.20,90.80,87.00,88.50,10604009
2012-12-28,88.50,90.40,88.10,89.50,7906130
2012-12-27,87.90,89.50,86.10,87.50,4496446
2012-12-26,87.50,89.50,86.90,88.90,7741808
2012-12-24,87.20,89.70,86.40,88.00,3693673
2012-12-21,86.30,89.10,85.70,89.10,10748666
2012-12-20,90.20,94.80,90.00,94.80,7814505
2012-12-19,94.00,95.70,91.20,95.50,8871728
2012-12-18,94.70,95.40,92.20,94.90,12768209
2012-12-17,92.50,92.60,90.60,92.00,6976099
2012-12-14,91.80,91.90,88.00,88.90,5590784
2012-12-13,88.70,91.20,88.00,89.50,4882658
2012-12-12,89.70,92.30,89.20,92.20,4796586
2012-12-11,91.20,91.55,86.50,87.70,7875356
2012-12-10,87.40,87.80,84.90,85.30,4254330
2012-12-07,85.40,88.00,85.20,86.30,4027139
2012-12-06,87.00,89.30,86.30,86.50,3615139
2012-12-05,86.80,88.00,84.50,86.50,4312319
2012-12-04,86.20,87.60,84.60,86.70,4603069
2012-12-03,86.70,88.80,86.50,88.30,3124316
2012-11-30,88.60,91.00,87.30,90.70,6286696
2012-11-29,90.60,93.00,89.20,92.90,6653647
2012-11-28,92.50,93.55,91.40,92.70,9629167
2012-11-27,93.10,94.20,91.20,94.20,8817505
2012-11-26,94.25,94.40,90.60,91.90,10757220
2012-11-23,92.20,93.00,90.30,92.00,4969447
2012-11-21,92.00,93.20,89.00,90.00,7045603
2012-11-20,89.30,92.50,88.60,90.10,9275427
2012-11-19,89.80,90.00,85.50,86.10,10182512
2012-11-16,85.00,85.30,77.50,82.00,7135063
2012-11-15,80.40,83.50,80.20,83.30,6409670
2012-11-14,83.50,89.20,81.20,88.40,9633870
2012-11-13,87.83,89.40,85.50,86.40,8573723
2012-11-12,87.20,87.20,82.75,84.60,9620065
2012-11-09,83.60,84.60,75.80,76.10,14769116
2012-11-08,75.70,76.60,72.40,72.60,9143574
2012-11-07,72.40,76.30,70.90,74.00,11111084
2012-11-06,76.00,78.50,73.90,78.50,14876900
2012-11-05,79.50,79.90,75.40,78.00,7613535
2012-11-02,77.90,80.50,77.60,80.40,6409603
2012-11-01,78.30,80.30,77.30,80.00,8724319
2012-10-31,79.14,85.48,78.30,84.60,13683195
2012-10-26,84.60,86.70,84.50,86.00,5377347
2012-10-25,85.60,88.80,85.00,88.40,6451020
2012-10-24,87.50,89.50,85.50,87.40,6864727
2012-10-23,85.30,88.70,85.20,88.70,8740947
2012-10-22,89.60,93.30,89.30,92.30,8028160
2012-10-19,91.90,98.20,91.40,95.30,13141562
2012-10-18,95.45,99.50,95.40,99.10,9168923
2012-10-17,99.90,100.50,93.90,94.40,17868804
2012-10-16,93.62,94.50,92.60,93.30,6793632
2012-10-15,92.50,92.90,90.70,91.80,5298688
2012-10-12,91.30,95.00,90.90,92.30,8553739
2012-10-11,93.10,94.50,90.90,93.50,10441349
2012-10-10,93.00,93.30,88.60,89.80,13268214
2012-10-09,89.90,90.70,87.16,87.40,11291079
2012-10-08,87.60,88.80,84.10,86.40,5875951
2012-10-05,86.35,89.22,86.00,88.30,5573778
2012-10-04,87.70,90.70,87.00,89.10,8603343
2012-10-03,88.48,88.60,83.70,84.10,10196745
2012-10-02,83.80,84.50,82.50,83.30,4896580
2012-10-01,83.10,84.90,82.20,83.50,4880192
2012-09-28,83.20,85.10,82.50,85.00,6304856
2012-09-27,85.60,86.40,81.30,83.10,9188669
2012-09-26,81.50,86.90,80.80,85.60,9642706
2012-09-25,84.05,87.50,83.50,85.80,7615996
2012-09-24,84.30,90.60,83.10,90.00,11762074
2012-09-21,90.45,92.60,88.12,91.60,14978564
2012-09-20,87.70,92.40,87.50,92.40,9359661
2012-09-19,93.00,94.20,90.50,93.90,8898598
2012-09-18,92.60,93.50,85.00,86.00,19337972
2012-09-17,86.20,86.77,83.10,84.20,5361572
2012-09-14,83.50,85.90,83.00,83.30,5743554
2012-09-13,83.15,85.00,81.50,83.20,7902666
2012-09-12,83.60,87.10,78.10,78.50,13389217
2012-09-11,79.90,81.80,79.65,81.60,8006233
2012-09-10,82.20,86.90,81.90,86.50,8239016
2012-09-07,86.00,87.40,85.50,87.00,6991413
2012-09-06,87.00,90.50,85.00,89.20,19115940
2012-09-05,91.60,93.85,91.10,93.00,9838921
2012-09-04,93.05,93.60,88.40,91.50,13484845
2012-08-31,90.40,92.20,88.30,91.80,12958228
2012-08-30,91.10,93.40,91.00,92.30,6482988
2012-08-29,92.50,93.60,92.00,92.60,8879719
2012-08-28,92.60,94.40,91.10,93.40,11893305
2012-08-27,93.20,93.50,87.10,87.70,22205064
2012-08-24,86.40,86.90,83.20,84.30,8965786
2012-08-23,84.90,87.20,82.90,86.10,10036251
2012-08-22,86.70,87.40,80.20,80.70,17478588
2012-08-21,80.70,81.50,79.40,81.50,7089616
2012-08-20,80.30,81.50,78.00,81.30,8341979
2012-08-17,80.80,81.80,76.90,77.40,10014292
2012-08-16,78.20,82.50,77.00,82.20,10010405
2012-08-15,82.50,88.60,80.50,86.00,25579974
2012-08-14,82.60,83.30,72.30,73.00,27076448
2012-08-13,72.40,73.60,71.80,72.80,5441528
2012-08-10,72.70,73.80,70.85,72.00,8485862
2012-08-09,73.60,74.90,72.70,73.80,7987657
2012-08-08,73.00,74.30,72.60,73.70,5561541
2012-08-07,73.60,74.70,71.90,72.60,9153451
2012-08-06,72.10,75.50,71.60,74.30,8542517
2012-08-03,73.90,79.70,73.50,78.20,12919761
2012-08-02,77.50,78.50,69.50,74.00,20145190
2012-08-01,74.60,87.60,74.10,86.60,19595076
2012-07-31,83.60,93.70,83.30,92.70,16609401
2012-07-30,93.30,95.90,92.90,94.20,5620617
2012-07-27,94.20,96.00,93.70,95.60,5568653
2012-07-26,95.55,96.90,93.60,95.90,6174058
2012-07-25,94.90,98.50,94.00,98.20,10020322
2012-07-24,97.15,103.50,95.80,101.50,12318340
2012-07-23,99.40,104.00,92.50,93.80,22042500
2012-07-20,95.15,98.50,93.70,97.70,12853488
2012-07-19,96.50,100.80,92.70,99.90,20962834
2012-07-18,99.79,107.10,98.10,100.10,26278196
2012-07-17,110.50,115.20,106.20,110.00,23492712
2012-07-16,111.10,116.40,109.50,113.50,16862294
2012-07-13,111.80,113.80,106.60,107.20,21320148
2012-07-12,106.10,109.20,100.80,109.00,23416610
2012-07-11,111.30,115.00,111.00,112.20,22420670
2012-07-10,118.10,120.70,114.60,116.80,35568368
2012-07-09,114.60,116.90,112.10,114.10,23096790
2012-07-06,111.15,119.20,109.50,114.50,35189096
2012-07-05,113.50,114.70,99.00,99.90,42210428
2012-07-03,100.20,101.70,96.60,100.50,15758419
2012-07-02,99.45,101.00,92.60,101.00,30413628
2012-06-29,99.75,105.70,98.60,104.50,22055246
2012-06-28,102.30,114.05,98.10,111.90,53451152
2012-06-27,113.90,135.00,85.20,90.00,90262184
2012-06-26,88.50,97.60,86.50,96.30,37783752
2012-06-25,91.95,103.30,90.30,93.50,36198124
2012-06-22,98.80,119.90,78.00,119.90,89217480
2012-06-21,116.80,117.10,106.50,107.50,60226264
2012-06-20,105.00,105.00,98.60,100.50,30271944
2012-06-19,97.00,103.40,96.70,98.50,46193260
2012-06-18,93.80,95.50,87.20,87.50,46173828
2012-06-15,84.00,84.70,81.00,82.50,26307436
2012-06-14,80.80,81.90,75.20,79.60,23888540
2012-06-13,80.75,86.50,77.10,82.10,57375812
2012-06-12,78.80,79.20,72.00,72.80,37849184
2012-06-11,70.75,72.30,67.00,67.50,24919780
2012-06-08,66.20,66.40,64.20,65.30,10413579
2012-06-07,64.20,65.10,63.60,64.80,6369196
2012-06-06,64.45,65.00,63.20,63.80,7028900
2012-06-05,62.65,64.70,61.50,64.10,12646902
2012-06-04,64.30,65.30,62.80,64.60,8557282
2012-06-01,64.00,66.60,63.50,65.00,14122689
2012-05-31,66.90,67.40,64.00,66.60,18278362
2012-05-30,65.00,65.80,60.50,61.50,17406928
2012-05-29,62.00,62.00,60.10,61.50,8502693
2012-05-25,60.00,60.50,58.80,59.90,6627182
2012-05-24,60.40,60.50,58.55,60.00,7845104
2012-05-23,60.70,60.89,57.80,60.10,13497821
2012-05-22,60.60,63.40,60.00,62.10,17967444
2012-05-21,59.20,59.70,55.00,56.00,12569554
2012-05-18,55.20,57.00,54.40,56.50,12241972
2012-05-17,57.00,59.80,55.60,57.10,14683990
2012-05-16,56.70,58.90,55.30,56.70,26600440
2012-05-15,60.60,66.00,59.60,65.40,20559644
2012-05-14,66.10,68.75,63.60,65.00,25426276
2012-05-11,63.60,70.15,57.50,69.90,76655504
2012-05-09,36.60,38.90,34.50,38.00,42462260
2012-05-08,34.20,34.90,29.40,31.00,50705664
2012-05-07,27.20,27.90,26.30,27.00,13937181
2012-05-04,25.90,28.60,25.20,28.50,11747869
2012-05-03,27.70,28.60,26.70,27.00,14149755
2012-05-02,26.00,27.00,23.20,23.40,13559823
2012-05-01,23.40,25.30,23.00,25.10,11249065
2012-04-30,24.35,27.80,24.10,27.00,21080276
2012-04-27,26.20,28.90,21.60,22.20,33307420
2012-04-26,21.50,21.70,20.90,20.90,5178684
2012-04-25,21.00,22.50,20.60,21.90,7526983
2012-04-24,21.70,22.40,21.00,21.50,5663687
2012-04-23,21.40,21.70,20.00,21.00,7465688
2012-04-20,21.70,23.70,21.20,23.50,7963458
2012-04-19,22.70,23.70,21.60,21.60,10748947
2012-04-18,21.60,25.00,20.60,25.00,28579822
2012-04-17,25.60,27.40,24.20,27.10,14600654
2012-04-16,27.35,29.40,27.00,29.10,5751884
2012-04-13,28.75,29.50,28.00,28.00,3942505
2012-04-12,28.05,30.50,25.60,30.00,10069742
2012-04-11,30.00,31.00,29.40,29.80,7523428
2012-04-10,28.70,32.70,28.10,31.90,17366032
2012-04-09,31.20,32.30,30.00,30.50,9360527
2012-04-05,30.70,31.30,30.10,30.10,6690080
2012-04-04,30.20,30.50,29.60,30.10,4657437
2012-04-03,30.50,31.40,30.20,31.00,6591984
2012-04-02,31.00,32.40,30.60,31.40,10874757
2012-03-30,30.75,32.20,29.80,32.20,15778315
2012-03-29,30.40,32.50,27.50,28.00,24032520
2012-03-28,29.20,30.90,27.70,30.00,22499360
2012-03-27,32.60,34.70,30.30,31.00,56007560
2012-03-26,30.10,31.90,26.00,26.20,58664412
2012-03-23,24.10,24.40,20.50,20.50,17551556
2012-03-22,20.40,21.00,19.80,19.90,5603158
2012-03-21,20.10,20.50,19.30,19.50,9591219
2012-03-20,19.20,19.70,18.00,18.10,8142144
2012-03-19,18.10,18.20,17.70,17.80,2822554
2012-03-16,17.60,17.80,17.30,17.70,4435243
2012-03-15,17.90,18.30,17.60,17.90,3353740
2012-03-14,17.90,18.30,17.70,18.20,2282240
2012-03-13,18.20,18.30,17.90,18.20,3162405
2012-03-12,17.80,18.00,17.50,17.50,3106658
2012-03-09,17.40,17.50,17.10,17.30,2860383
2012-03-08,17.20,17.80,17.10,17.30,3600670
2012-03-07,17.30,17.60,17.00,17.50,3008849
2012-03-06,17.35,18.00,17.20,17.90,4350196
2012-03-05,18.20,18.50,18.00,18.10,3567737
2012-03-02,17.90,18.60,17.80,18.50,4520339
2012-03-01,18.00,18.40,17.90,18.10,3887563
2012-02-29,17.80,18.90,17.80,18.60,5212132
2012-02-28,18.40,19.50,18.30,19.50,5012344
2012-02-27,19.00,19.20,18.50,18.60,7378952
2012-02-24,18.40,18.70,17.50,18.10,9285339
2012-02-23,17.80,21.10,17.60,21.00,32447364
2012-02-22,18.10,19.50,17.40,18.60,12996210
2012-02-21,18.00,18.80,17.20,18.80,6602638
2012-02-17,18.30,19.00,18.00,18.80,3484205
2012-02-16,18.10,19.20,18.00,19.00,4800978
2012-02-15,18.90,19.70,18.80,19.60,2257500
2012-02-14,19.30,20.20,19.30,20.00,2158580
2012-02-13,20.20,20.40,19.60,19.70,2547775
2012-02-10,19.40,20.00,19.10,20.00,2316035
2012-02-09,20.20,20.60,20.10,20.50,1922689
2012-02-08,20.60,20.98,20.10,20.80,3356020
2012-02-07,20.50,21.20,20.10,21.10,3943941
2012-02-06,20.40,20.50,18.60,18.70,6254932
2012-02-03,18.70,19.40,18.50,19.30,3260551
2012-02-02,18.80,19.10,18.20,19.00,5109888
2012-02-01,19.50,19.80,18.00,18.30,6017970
2012-01-31,17.80,18.40,17.60,18.20,5833320
2012-01-30,17.70,18.10,16.60,17.00,13064025
2012-01-27,15.90,16.10,15.60,15.80,3541368
2012-01-26,15.60,16.10,15.40,16.10,1716098
2012-01-25,16.00,16.10,15.70,15.90,1643196
2012-01-24,15.90,16.40,15.70,16.00,1733079
2012-01-23,16.30,16.50,16.10,16.20,1435229
2012-01-20,16.20,16.60,16.20,16.40,1709367
2012-01-19,16.30,16.80,16.30,16.50,1716196
2012-01-18,16.50,16.70,16.20,16.20,3387245
2012-01-17,16.30,17.00,15.50,16.80,2440986
2012-01-13,16.50,16.70,16.20,16.50,1582772
2012-01-12,16.60,17.20,16.50,17.00,3233821
2012-01-11,16.60,17.30,16.20,17.00,7974080
2012-01-10,17.50,18.60,17.00,17.00,6810575
2012-01-09,16.05,16.73,15.50,16.30,2591913
2012-01-06,16.20,17.10,15.50,17.10,2741581
2012-01-05,17.10,19.00,15.10,18.30,5263064
2012-01-04,18.10,20.40,18.00,19.30,5908194
2012-01-03,19.20,19.60,19.00,19.20,1404876
2011-12-30,18.70,19.00,18.40,19.00,1251615
2011-12-29,19.10,19.60,19.00,19.30,1585473
2011-12-28,19.20,20.00,19.20,20.00,1107272
2011-12-27,19.90,20.00,19.70,20.00,737651
2011-12-23,20.00,20.10,19.70,19.90,763637
2011-12-22,19.50,20.73,19.20,20.50,2349008
2011-12-21,20.50,20.80,20.20,20.70,894646
2011-12-20,20.80,20.95,20.00,20.40,2302003
2011-12-19,20.10,21.20,19.90,20.60,1780925
2011-12-16,20.60,21.50,19.50,19.90,2431684
2011-12-15,20.10,20.20,19.40,20.10,1295017
2011-12-14,20.10,21.50,19.00,21.20,4511564
2011-12-13,21.30,23.60,20.30,22.50,4725746
2011-12-12,21.90,22.50,19.60,20.00,5464473
2011-12-09,20.00,21.17,18.60,18.70,7792817
2011-12-08,18.60,19.20,18.50,19.10,1626197
2011-12-07,19.10,19.30,18.00,18.70,1615189
2011-12-06,18.80,19.80,17.70,19.00,3599217
2011-12-05,19.10,19.40,16.80,17.00,5139086
2011-12-02,16.80,16.90,16.00,16.50,1961130
2011-12-01,16.30,16.60,15.10,15.80,2858830
2011-11-30,15.80,16.00,14.20,14.20,4529337
2011-11-29,13.90,14.40,13.80,14.40,1838043
2011-11-28,14.30,14.30,13.40,13.40,2403054
2011-11-25,12.70,12.90,12.70,12.70,461181
2011-11-23,12.80,13.30,12.70,13.30,937535
2011-11-22,13.30,13.60,13.30,13.40,451455
2011-11-21,13.40,13.60,13.20,13.60,908982
2011-11-18,13.70,14.00,13.60,13.70,575634
2011-11-17,13.70,14.00,13.70,13.70,648319
2011-11-16,13.80,14.10,13.70,13.80,848180
2011-11-15,14.00,14.10,13.70,13.90,570908
2011-11-14,14.00,14.50,13.70,14.10,1095840
2011-11-11,14.20,14.40,13.30,13.60,1162364
2011-11-10,13.40,14.00,13.20,13.70,1188804
2011-11-09,13.60,14.20,13.60,13.90,1399856
2011-11-08,14.20,14.40,13.80,14.00,779756
2011-11-07,14.00,14.00,13.70,14.00,563791
2011-11-04,14.00,14.50,13.80,14.50,1023873
2011-11-03,14.30,14.60,13.60,13.70,2217700
2011-11-02,13.90,14.10,13.50,13.90,1047837
2011-11-01,13.70,13.99,13.50,13.90,1627295
2011-10-31,14.10,14.40,14.10,14.20,939475
2011-10-28,14.30,14.50,14.20,14.40,811671
2011-10-27,14.40,14.70,14.10,14.30,2623624
2011-10-26,13.90,14.10,13.70,14.00,691001
2011-10-25,13.70,14.50,13.60,14.10,887166
2011-10-24,14.30,14.30,13.80,13.90,817507
2011-10-21,14.00,14.20,13.60,14.20,768778
2011-10-20,13.90,14.30,13.80,14.10,453957
2011-10-19,14.00,14.30,13.90,14.20,594491
2011-10-18,14.20,14.40,13.80,13.80,1024840
2011-10-17,13.80,14.40,13.60,14.30,1453087
2011-10-14,14.50,14.80,14.10,14.80,620734
2011-10-13,14.60,15.00,14.30,14.90,813225
2011-10-12,14.90,15.20,14.30,14.40,1406264
2011-10-11,14.40,14.60,13.70,13.80,1545439
2011-10-10,13.90,13.90,13.40,13.50,1107788
2011-10-07,13.20,13.80,13.10,13.80,987352
2011-10-06,13.60,14.15,13.25,13.60,1394636
2011-10-05,13.60,13.95,12.50,13.10,2126566
2011-10-04,13.20,13.90,12.30,13.00,2991095
2011-10-03,13.00,14.70,12.90,14.10,2387661
2011-09-30,14.40,14.80,13.80,13.90,2241696
2011-09-29,14.20,14.90,13.70,14.40,1828272
2011-09-28,14.15,14.90,14.10,14.90,2119156
2011-09-27,14.90,15.50,14.70,15.30,1666210
2011-09-26,15.00,15.70,14.50,15.50,1790521
2011-09-23,15.10,15.50,14.20,14.50,2723763
2011-09-22,14.50,15.00,14.00,15.00,2249970
2011-09-21,15.20,16.60,15.20,15.60,3758443
2011-09-20,14.40,15.10,14.40,14.50,2078293
2011-09-19,14.50,15.70,14.10,15.70,2427117
2011-09-16,15.60,16.80,14.90,14.90,5906466
2011-09-15,14.80,15.20,14.10,14.10,2376688
2011-09-14,13.90,14.00,13.60,14.00,1354666
2011-09-13,13.90,14.00,12.90,13.00,2676389
2011-09-12,12.70,12.90,12.50,12.80,1011696
2011-09-09,12.50,12.90,12.50,12.80,943330
2011-09-08,12.80,13.40,12.80,13.00,999776
2011-09-07,13.00,13.10,12.60,12.60,950635
2011-09-06,12.70,12.80,12.40,12.60,1150161
2011-09-02,12.60,12.80,12.40,12.60,1518431
2011-09-01,12.60,13.10,12.60,13.00,1187772
2011-08-31,13.10,13.50,13.00,13.40,2126261
2011-08-30,13.40,13.40,12.90,13.10,885567
2011-08-29,13.30,13.30,12.80,13.20,1335204
2011-08-26,13.00,13.10,12.70,12.80,1294878
2011-08-25,12.80,13.20,12.80,13.20,808579
2011-08-24,13.00,13.10,12.80,13.00,755218
2011-08-23,12.90,13.31,12.80,13.30,3378669
2011-08-22,13.30,13.80,13.10,13.80,2524388
2011-08-19,13.60,13.70,13.10,13.20,1716978
2011-08-18,13.30,13.70,13.10,13.50,1977011
2011-08-17,13.80,14.00,13.60,13.60,1186719
2011-08-16,13.80,13.90,13.40,13.80,1713834
2011-08-15,13.90,14.10,13.10,13.30,2272613
2011-08-12,13.00,13.50,12.90,13.40,1938230
2011-08-11,13.40,13.50,12.90,13.00,3001683
2011-08-10,12.90,14.60,12.60,14.60,3478553
2011-08-09,14.50,14.50,13.50,14.20,3730198
2011-08-08,12.70,13.50,12.40,13.30,4119831
2011-08-05,13.80,14.50,13.50,13.70,2461648
2011-08-04,13.50,16.20,13.10,16.10,6545892
2011-08-03,16.50,16.50,15.50,16.30,2301613
2011-08-02,16.00,17.00,16.00,16.40,4588690
2011-08-01,15.90,16.50,15.80,16.30,1854414
2011-07-29,16.10,16.40,15.70,16.00,1802546
2011-07-28,16.00,16.50,15.70,16.00,1370595
2011-07-27,16.00,16.50,15.80,16.50,1909007
2011-07-26,15.95,17.50,15.70,16.70,4866136
2011-07-25,16.60,16.70,15.30,15.50,3186776
2011-07-22,15.70,15.80,14.90,15.00,2892851
2011-07-21,14.90,14.95,14.10,14.20,2078156
2011-07-20,14.00,14.30,13.80,14.10,752714
2011-07-19,14.00,14.00,13.80,13.90,836637
2011-07-18,13.70,14.40,13.60,14.40,1502861
2011-07-15,14.40,14.50,14.20,14.30,1001227
2011-07-14,14.30,14.80,14.30,14.60,872368
2011-07-13,14.50,14.80,14.20,14.40,1295942
2011-07-12,14.50,14.70,14.10,14.60,1185453
2011-07-11,14.80,15.80,14.70,15.30,2631399
2011-07-08,15.10,15.30,14.00,14.30,4216478
2011-07-07,14.30,14.50,13.70,13.80,1936356
2011-07-06,13.70,13.70,13.50,13.50,844292
2011-07-05,13.70,13.90,13.50,13.60,963397
2011-07-01,13.60,13.70,13.20,13.50,1335333
2011-06-30,13.60,13.60,13.30,13.40,799997
2011-06-29,13.50,13.50,13.20,13.40,509043
2011-06-28,13.40,13.50,13.00,13.40,1046990
2011-06-27,13.20,13.30,13.00,13.30,1129699
2011-06-24,13.10,13.40,13.10,13.40,5612641
2011-06-23,13.40,13.40,13.00,13.20,1014140
2011-06-22,13.30,13.70,13.20,13.30,1138801
2011-06-21,13.31,13.80,13.10,13.80,1058103
2011-06-20,13.60,14.30,13.50,14.00,1461794
2011-06-17,14.00,14.20,13.50,13.60,3001798
2011-06-16,13.50,13.60,12.90,13.00,2513603
2011-06-15,12.90,13.20,12.90,13.00,1106434
2011-06-14,13.00,13.20,12.80,12.80,1107072
2011-06-13,12.70,13.40,12.60,13.10,1802366
2011-06-10,12.60,12.70,12.50,12.50,1122982
2011-06-09,12.60,12.80,12.50,12.70,1110227
2011-06-08,12.60,13.00,12.50,12.60,1487850
2011-06-07,12.60,13.40,12.60,13.20,2351321
2011-06-06,13.10,14.00,13.00,13.80,2446425
2011-06-03,13.80,14.00,13.50,14.00,2252652
2011-06-02,14.10,14.60,14.00,14.20,1757922
2011-06-01,14.30,14.70,14.10,14.10,3162296
2011-05-31,14.40,14.60,14.00,14.40,4466710
2011-05-27,14.70,15.00,14.20,14.90,5082623
2011-05-26,14.70,16.80,14.40,16.00,28811832
2011-05-25,13.80,14.10,13.70,14.00,1331415
2011-05-24,13.80,14.70,13.80,14.00,4252159
2011-05-23,14.00,14.60,13.50,13.70,4955114
2011-05-20,13.80,14.00,12.90,12.90,3595892
2011-05-19,12.80,13.00,12.80,13.00,957073
2011-05-18,12.90,13.00,12.80,12.90,1098066
2011-05-17,12.80,13.00,12.60,12.70,1368037
2011-05-16,12.70,12.90,12.60,12.80,1002008
2011-05-13,12.80,13.20,12.50,13.20,1611663
2011-05-12,12.90,13.00,12.60,12.80,2022999
2011-05-11,12.90,13.70,12.60,13.60,2662828
2011-05-10,13.50,13.60,13.20,13.40,1072298
2011-05-09,13.40,13.50,13.20,13.40,991235
2011-05-06,13.20,13.40,13.00,13.10,1134405
2011-05-05,12.90,13.50,12.80,13.50,1461057
2011-05-04,13.50,14.00,13.50,13.70,901532
2011-05-03,13.70,13.90,13.50,13.50,1286925
2011-05-02,13.30,14.19,13.30,14.00,1525089
2011-04-29,14.00,14.10,13.90,14.00,2119075
2011-04-28,14.00,14.10,13.70,14.00,1706344
2011-04-27,14.00,14.70,13.60,14.70,3409153
2011-04-26,14.30,14.90,12.70,12.80,6649132
2011-04-25,12.70,12.80,12.40,12.50,1754616
2011-04-21,12.40,12.60,12.20,12.30,2118892
2011-04-20,12.30,12.70,12.10,12.50,3824483
2011-04-19,12.50,12.80,12.50,12.60,1247835
2011-04-18,12.80,12.90,12.40,12.80,4004545
2011-04-15,12.90,13.10,12.60,12.80,4026569
2011-04-14,12.80,13.00,12.60,12.80,2762086
2011-04-13,12.90,13.50,12.80,13.50,3384729
2011-04-12,13.40,13.40,13.20,13.30,1314524
2011-04-11,13.20,13.90,13.20,13.80,1578532
2011-04-08,13.60,13.80,13.40,13.70,1606094
2011-04-07,13.40,13.60,13.30,13.50,1951281
2011-04-06,13.60,13.60,13.20,13.50,1932427
2011-04-05,13.30,13.70,13.30,13.60,1532516
2011-04-04,13.50,14.10,13.30,13.90,4878903
2011-04-01,13.80,13.90,13.70,13.90,1247263
2011-03-31,13.90,14.10,13.70,14.00,1664335
2011-03-30,14.10,14.40,13.90,14.30,1554827
2011-03-29,14.40,14.70,14.30,14.40,1113229
2011-03-28,14.60,15.20,14.40,14.50,1295668
2011-03-25,14.50,14.90,13.90,14.20,1957178
2011-03-24,14.10,14.30,14.00,14.20,930297
2011-03-23,14.20,14.50,14.00,14.30,1083530
2011-03-22,14.20,14.70,14.20,14.70,1062114
2011-03-21,14.70,15.00,14.60,15.00,789418
2011-03-18,15.00,15.00,14.70,15.00,1401216
2011-03-17,14.80,14.80,14.20,14.70,1484903
2011-03-16,14.60,14.90,14.50,14.70,1665169
2011-03-15,14.90,14.90,14.10,14.50,2281472
2011-03-14,14.90,15.00,14.70,15.00,1055466
2011-03-11,15.10,15.30,14.80,15.20,1519916
2011-03-10,15.20,15.50,14.80,15.20,1721632
2011-03-09,15.00,15.10,14.70,14.70,999186
2011-03-08,14.90,15.30,14.70,15.20,1225906
2011-03-07,15.20,16.00,14.60,15.80,2318805
2011-03-04,15.80,16.30,15.70,16.10,1031107
2011-03-03,16.10,16.40,15.90,16.20,1242899
2011-03-02,16.20,16.40,15.60,15.60,1040229
2011-03-01,15.90,16.20,15.50,16.20,1955991
2011-02-28,16.20,16.60,16.00,16.20,1313516
2011-02-25,16.20,16.50,16.10,16.50,1788096
2011-02-24,16.30,16.50,16.10,16.10,1510537
2011-02-23,16.00,16.50,16.00,16.10,2493786
2011-02-22,16.00,16.70,16.00,16.50,6483716
2011-02-18,16.70,16.80,16.60,16.80,1363595
2011-02-17,16.70,16.80,16.50,16.60,1166295
2011-02-16,16.50,16.80,16.30,16.50,1672994
2011-02-15,16.50,16.60,15.60,16.20,2619016
2011-02-14,16.10,16.90,16.00,16.60,1906399
2011-02-11,16.70,16.90,16.50,16.50,1791314
2011-02-10,16.60,16.80,16.50,16.70,1042879
2011-02-09,16.70,16.90,16.60,16.80,1713562
2011-02-08,16.80,17.00,16.50,16.80,1605627
2011-02-07,16.70,17.20,16.50,16.50,2574486
2011-02-04,16.50,16.70,16.20,16.50,1688262
2011-02-03,16.40,16.92,16.00,16.10,2626170
2011-02-02,16.10,17.20,16.00,16.60,3119282
2011-02-01,16.80,17.20,15.60,16.00,7569460
2011-01-31,15.80,16.40,15.50,16.40,5887474
2011-01-28,16.30,18.00,16.10,17.50,10329543
2011-01-27,20.00,20.30,19.60,20.30,1788072
2011-01-26,20.27,20.30,19.30,19.80,3286961
2011-01-25,19.80,20.30,19.50,19.90,2532971
2011-01-24,19.90,20.20,18.30,19.00,4777652
2011-01-21,19.02,20.50,19.00,20.30,3794246
2011-01-20,19.70,20.50,19.50,20.10,3492992
2011-01-19,20.30,21.40,20.20,21.30,3471115
2011-01-18,21.20,21.60,20.70,20.80,4095016
2011-01-14,20.80,21.00,20.50,20.60,1907518
2011-01-13,20.50,21.80,20.50,21.30,4332838
2011-01-12,20.90,21.60,20.50,20.70,3719421
2011-01-11,20.60,21.70,20.00,21.50,4872775
2011-01-10,21.20,22.20,20.80,21.80,4868749
2011-01-07,21.60,22.30,21.20,21.60,5878679
2011-01-06,21.10,21.80,20.50,21.20,7190182
2011-01-05,20.80,20.80,19.00,19.20,13341919
2011-01-04,19.30,19.70,17.60,17.80,13092213
2011-01-03,17.70,18.40,17.00,17.50,6437714
2010-12-31,17.20,17.50,17.00,17.10,3439330
2010-12-30,17.10,17.60,17.10,17.30,1940343
2010-12-29,17.20,17.90,17.20,17.30,3689297
2010-12-28,17.30,18.50,17.20,18.00,4357286
2010-12-27,17.90,19.00,17.40,17.70,8617163
2010-12-23,17.30,18.10,17.00,17.20,10270552
2010-12-22,18.00,21.70,17.80,21.10,32545754
2010-12-21,20.40,22.90,20.20,22.50,22672808
2010-12-20,23.80,23.80,16.90,17.00,32589138
2010-12-17,16.50,17.10,15.50,15.70,13767885
2010-12-16,15.40,15.70,15.40,15.60,1287654
2010-12-15,15.60,15.80,15.40,15.50,2301560
2010-12-14,15.40,15.60,15.10,15.60,2702907
2010-12-13,15.60,15.80,15.20,15.40,3098574
2010-12-10,15.30,15.40,14.90,15.20,3161546
2010-12-09,14.90,15.70,14.70,15.60,4430941
2010-12-08,15.70,17.10,15.20,16.10,22928932
2010-12-07,14.10,14.50,13.60,13.60,7396085
2010-12-06,13.80,14.40,13.60,14.10,2276321
2010-12-03,14.20,14.30,13.60,13.70,2165589
2010-12-02,13.90,14.30,13.70,13.90,2225214
2010-12-01,13.80,14.70,13.60,14.60,3758043
2010-11-30,14.50,14.90,14.30,14.80,2189480
2010-11-29,14.80,14.90,14.00,14.00,3548304
2010-11-26,14.10,14.20,13.70,13.80,984674
2010-11-24,13.90,14.00,13.30,13.50,1927160
2010-11-23,13.50,13.60,13.10,13.20,1954415
2010-11-22,13.40,14.49,13.30,14.20,2912760
2010-11-19,13.90,14.70,12.60,12.70,6422947
2010-11-18,12.70,13.10,12.60,13.00,3347785
2010-11-17,12.90,14.00,12.80,13.90,4216208
2010-11-16,13.90,14.40,13.80,14.30,2548087
2010-11-15,14.50,14.90,14.00,14.30,4365578
2010-11-12,14.30,14.90,14.30,14.80,3585627
2010-11-11,14.80,14.90,14.60,14.80,2382475
2010-11-10,14.70,15.10,14.70,15.00,4449512
2010-11-09,14.80,16.10,14.80,15.80,8785831
2010-11-08,15.30,15.70,15.20,15.40,2128214
2010-11-05,15.50,15.50,15.00,15.20,2428975
2010-11-04,15.50,15.50,15.10,15.10,2069024
2010-11-03,14.90,15.40,14.70,15.20,3160239
2010-11-02,15.10,15.70,15.00,15.60,2779355
2010-11-01,15.50,16.60,15.50,16.60,3525578
2010-10-29,16.50,16.80,16.00,16.80,4212055
2010-10-28,15.90,16.50,15.39,15.60,3830694
2010-10-27,15.60,15.90,15.20,15.80,3570025
2010-10-26,15.70,16.60,15.70,16.50,3985404
2010-10-25,16.70,17.80,16.00,16.70,14839709
2010-10-22,16.30,18.40,14.70,14.90,21304356
2010-10-21,14.60,15.90,14.50,15.60,6711162
2010-10-20,15.60,16.20,15.10,16.10,5203340
2010-10-19,16.10,16.90,15.70,16.70,4489706
2010-10-18,16.90,17.10,16.20,17.00,4881352
2010-10-15,17.00,18.30,16.80,18.10,4570212
2010-10-14,17.60,18.10,17.20,17.90,4696355
2010-10-13,17.90,18.70,17.60,18.60,6841563
2010-10-12,18.30,18.70,17.30,17.50,9284199
2010-10-11,17.60,17.80,16.80,17.00,4935461
2010-10-08,16.70,17.30,16.30,16.40,4326121
2010-10-07,16.40,17.00,16.10,17.00,3278270
2010-10-06,16.60,17.50,16.60,17.30,2851532
2010-10-05,17.20,18.20,16.50,17.10,12120135
2010-10-04,17.10,17.90,15.10,15.30,19841816
2010-10-01,15.33,15.80,15.30,15.70,3873367
2010-09-30,15.70,16.00,15.40,15.90,5337831
2010-09-29,15.90,16.40,15.40,15.40,6268229
2010-09-28,15.80,16.40,15.10,15.50,9739164
2010-09-27,15.50,16.50,15.40,16.40,10282853
2010-09-24,16.10,17.70,16.00,17.30,11214381
2010-09-23,17.00,17.70,15.20,15.50,19826128
2010-09-22,16.20,17.60,15.90,17.50,21930710
2010-09-21,17.80,19.30,17.60,19.00,15781562
2010-09-20,18.60,20.10,18.40,19.60,21887336
2010-09-17,19.90,22.30,18.50,20.30,84079432
2010-09-15,37.40,40.50,34.80,39.00,44892384
2010-09-14,41.30,48.00,39.60,48.00,69785168
2010-09-13,68.50,70.70,67.00,70.00,11093135
2010-09-10,70.10,72.00,69.60,70.60,7753200
2010-09-09,72.10,75.00,70.70,74.60,7620367
2010-09-08,74.30,75.50,73.40,74.60,8855690
2010-09-07,73.40,73.90,69.70,71.40,14341718
2010-09-03,68.60,69.70,66.90,69.00,5778803
2010-09-02,67.40,67.80,65.30,66.50,6959992
2010-09-01,65.70,66.30,64.10,65.80,5957658
2010-08-31,64.90,66.00,64.00,65.40,3642690
2010-08-30,65.40,68.50,65.20,68.00,6037839
2010-08-27,67.45,67.60,65.00,66.50,3606849
2010-08-26,65.90,69.30,65.80,69.00,4975485
2010-08-25,68.20,68.40,66.70,67.20,3060969
2010-08-24,67.40,69.30,65.50,67.00,4507444
2010-08-23,68.00,71.20,68.00,70.40,5079910
2010-08-20,69.30,69.60,67.20,68.50,4255529
2010-08-19,69.10,70.40,68.75,70.20,3433802
2010-08-18,70.20,71.30,68.70,69.90,5401634
2010-08-17,69.50,72.90,69.20,72.40,7362700
2010-08-16,70.50,70.80,67.00,67.70,9612880
2010-08-13,66.30,70.60,64.30,69.40,16795752
2010-08-12,71.70,72.90,69.50,70.00,7800846
2010-08-11,71.40,72.70,70.80,71.90,6829427
2010-08-10,73.40,75.40,72.90,73.90,9496659
2010-08-09,74.60,76.00,72.50,73.00,12531221
2010-08-06,71.60,73.00,69.00,71.00,13479040
2010-08-05,70.50,73.90,70.20,72.20,8065774
2010-08-04,72.90,74.80,71.30,73.20,14288073
2010-08-03,72.90,75.40,67.40,69.00,22462600
2010-08-02,71.70,78.80,69.50,75.00,29658462
2010-07-30,79.50,80.00,68.20,69.00,33084182
2010-07-29,69.80,69.80,63.80,66.40,16443404
2010-07-28,63.20,63.80,59.10,60.50,10719983
2010-07-27,62.00,64.30,59.70,64.20,12904559
2010-07-26,63.40,67.50,63.00,63.10,24989052
2010-07-23,59.10,60.00,53.70,54.80,15025221
2010-07-22,53.20,53.50,50.80,51.40,7548538
2010-07-21,50.30,52.60,49.80,51.50,9187742
2010-07-20,51.10,54.60,50.40,51.20,14611463
2010-07-19,52.60,54.30,48.50,49.00,22449158
2010-07-16,46.60,48.50,44.40,48.20,25091112
2010-07-15,39.20,57.20,35.70,48.20,59744768
2010-07-14,42.80,44.50,41.30,42.70,7934617
2010-07-13,42.00,42.60,39.30,40.50,10001810
2010-07-12,37.90,39.00,37.10,38.80,3975791
2010-07-09,38.80,40.70,38.20,39.00,6300428
2010-07-08,38.90,39.80,35.20,37.20,6707805
2010-07-07,36.40,37.60,33.50,34.90,7400334
2010-07-06,34.90,40.20,34.30,39.30,7751539
2010-07-02,38.60,39.50,36.70,37.50,11028579
2010-07-01,35.60,37.00,32.40,35.70,17625104
2010-06-30,30.70,32.60,30.60,32.30,1899801
2010-06-29,32.10,32.80,31.40,32.50,2593339
2010-06-28,32.90,33.60,32.00,33.00,3766723
2010-06-25,32.40,32.60,31.00,31.40,2936789
2010-06-24,31.30,32.50,30.50,32.30,3760245
2010-06-23,32.30,34.60,30.10,30.50,11341281
2010-06-22,30.70,30.70,29.00,29.00,3364315
2010-06-21,28.90,30.00,28.50,29.80,1934134
2010-06-18,29.50,29.60,29.00,29.60,1858314
2010-06-17,29.40,30.11,29.30,30.00,1150373
2010-06-16,29.60,29.90,29.00,29.80,1211479
2010-06-15,29.50,29.60,28.80,29.20,1416208
2010-06-14,29.20,29.90,28.90,29.90,1377538
2010-06-11,29.50,29.90,28.60,29.00,2571153
2010-06-10,29.10,29.30,28.20,28.90,2023833
2010-06-09,28.40,29.70,28.00,29.30,2137811
2010-06-08,29.00,30.00,28.70,29.80,2159473
2010-06-07,29.33,31.00,29.10,30.70,2633045
2010-06-04,30.70,31.20,30.40,31.00,3123706
2010-06-03,31.30,33.40,31.20,32.90,4969324
2010-06-02,32.30,32.30,30.70,31.30,2486959
2010-06-01,30.50,31.40,30.20,30.30,2400570
2010-05-28,30.80,31.50,28.70,29.80,3587040
2010-05-27,29.40,29.40,28.30,28.60,1922466
2010-05-26,28.00,29.80,28.00,29.60,1988091
2010-05-25,29.10,29.20,27.00,27.60,2637692
2010-05-24,28.30,29.00,27.90,28.70,3575498
2010-05-21,28.00,29.80,28.00,29.00,4261827
2010-05-20,29.10,30.50,28.90,30.40,5072940
2010-05-19,30.70,32.00,30.10,31.50,3140474
2010-05-18,31.70,33.00,31.40,33.00,3927695
2010-05-17,32.10,33.00,31.30,32.70,2913640
2010-05-14,32.30,34.60,31.80,34.50,3717923
2010-05-13,33.90,34.80,33.60,33.70,2059793
2010-05-12,34.30,34.30,33.10,33.50,2451464
2010-05-11,33.60,33.80,31.60,31.70,3355830
2010-05-10,32.00,32.00,30.50,30.80,3878917
2010-05-07,29.20,31.40,29.20,30.70,3923389
2010-05-06,30.70,32.40,29.00,32.00,3443198
2010-05-05,32.20,33.10,31.80,32.30,2283822
2010-05-04,32.70,32.80,32.00,32.70,1663299
2010-05-03,33.10,33.30,31.80,32.90,1563908
2010-04-30,32.50,33.50,31.70,31.80,3707641
2010-04-29,31.70,31.80,30.85,30.90,1509563
2010-04-28,30.80,31.10,30.60,30.90,904042
2010-04-27,30.60,31.70,30.30,31.30,2008266
2010-04-26,31.40,31.80,31.10,31.40,893821
2010-04-23,31.20,31.40,30.60,30.90,1262093
2010-04-22,30.60,31.00,30.40,30.90,2385754
2010-04-21,31.40,31.80,31.00,31.40,1289897
2010-04-20,31.80,31.80,30.80,31.50,1005163
2010-04-19,31.10,32.10,30.90,31.30,3417117
2010-04-16,31.80,32.30,30.70,31.35,2884256
2010-04-15,31.40,31.40,31.00,31.10,1257486
2010-04-14,31.10,31.20,30.70,31.00,2851563
2010-04-13,30.70,31.60,30.60,31.40,2718664
2010-04-12,31.50,31.80,31.40,31.70,998253
2010-04-09,31.80,32.50,31.60,32.20,1030583
2010-04-08,32.30,32.40,31.50,31.70,1132463
2010-04-07,31.80,32.40,31.50,32.20,916691
2010-04-06,32.20,32.40,32.10,32.20,966560
2010-04-05,32.20,32.70,31.80,32.20,1493880
2010-04-01,31.90,32.00,31.20,31.30,1368533
2010-03-31,31.20,32.10,31.00,31.90,2203079
2010-03-30,31.60,33.00,31.50,32.70,2086565
2010-03-29,32.85,34.30,32.70,34.30,2246143
2010-03-26,33.90,34.50,33.40,34.10,1848554
2010-03-25,33.60,34.80,33.40,34.30,1777591
2010-03-24,33.30,34.70,33.30,34.40,2354349
2010-03-23,33.60,33.90,32.40,32.80,2893952
2010-03-22,32.70,32.80,31.60,31.80,1420590
2010-03-19,31.60,32.60,31.20,31.80,2397715
2010-03-18,31.70,33.20,31.60,32.40,2398569
2010-03-17,32.50,33.10,30.00,30.10,5289527
2010-03-16,30.00,30.60,29.50,30.10,1742515
2010-03-15,30.10,30.90,30.00,30.60,2233309
2010-03-12,30.10,31.40,30.00,31.40,3166117
2010-03-11,31.10,31.40,30.40,31.10,2132270
2010-03-10,31.10,31.70,30.60,31.20,1987620
2010-03-09,31.10,31.50,30.30,30.80,1781661
2010-03-08,30.70,31.50,30.40,31.50,2577011
2010-03-05,31.20,32.00,31.00,31.70,1683738
2010-03-04,31.40,32.80,30.90,32.70,1511720
2010-03-03,32.40,33.50,31.70,32.45,4605129
2010-03-02,31.30,31.30,30.20,30.60,2686914
2010-03-01,30.10,31.10,30.00,30.60,1727466
2010-02-26,30.40,31.60,30.20,30.90,2371789
2010-02-25,30.50,31.40,30.30,31.40,2774504
2010-02-24,31.90,34.60,31.40,34.40,4703928
2010-02-23,32.30,34.30,32.10,33.90,1622227
2010-02-22,34.30,34.80,32.80,34.30,1081293
2010-02-19,34.80,35.90,34.40,35.60,1080626
2010-02-18,35.50,35.70,33.60,34.10,1540011
2010-02-17,34.00,34.10,32.80,33.90,858210
2010-02-16,33.60,33.70,32.10,32.80,1128912
2010-02-12,32.40,32.60,31.00,31.30,1071859
2010-02-11,31.40,32.00,30.60,30.80,950923
2010-02-10,30.70,32.00,30.50,31.60,1429794
2010-02-09,31.90,32.50,30.90,31.50,1165410
2010-02-08,30.90,32.20,30.80,31.70,917778
2010-02-05,31.70,32.00,30.10,30.90,1497338
2010-02-04,30.20,33.60,30.20,33.20,1585372
2010-02-03,32.00,32.60,31.40,31.60,864976
2010-02-02,32.20,33.30,32.00,33.20,991462
2010-02-01,33.00,33.00,30.60,31.60,1745214
2010-01-29,31.20,31.80,30.40,30.40,1951910
2010-01-28,30.50,31.00,28.90,30.20,1989143
2010-01-27,30.20,31.10,29.71,31.00,1870862
2010-01-26,31.10,31.60,30.30,30.80,1714860
2010-01-25,30.70,33.40,30.50,33.00,2213202
2010-01-22,32.60,34.20,32.40,33.30,1463699
2010-01-21,32.90,34.40,32.80,34.20,2052216
2010-01-20,33.60,34.60,33.50,34.30,2109052
2010-01-19,34.30,35.00,34.10,34.60,1715951
2010-01-15,34.80,36.10,34.70,35.70,2091191
2010-01-14,35.80,37.40,35.60,36.90,1695655
2010-01-13,37.60,37.80,35.50,35.90,2289991
2010-01-12,35.70,36.40,35.30,36.30,1633501
2010-01-11,36.80,38.50,36.60,37.50,2210492
2010-01-08,37.40,38.30,35.30,35.70,2495402
2010-01-07,35.40,35.90,34.90,35.40,1360203
2010-01-06,35.40,36.10,35.10,35.60,1748448
2010-01-05,35.60,36.00,35.10,35.60,1318800
2010-01-04,35.30,35.80,35.00,35.80,1356393
2009-12-31,35.50,36.00,34.60,34.70,3258309
2009-12-30,34.59,35.40,34.10,35.30,2646924
2009-12-29,35.20,36.50,35.10,36.40,1420459
2009-12-28,36.00,37.50,35.90,36.50,1992062
2009-12-24,36.40,36.90,35.80,36.30,1198907
2009-12-23,37.90,38.70,37.60,38.70,1595843
2009-12-22,38.40,39.00,37.30,39.00,2814321
2009-12-21,37.40,37.80,36.50,37.30,1010337
2009-12-18,37.50,37.50,35.90,36.30,1695508
2009-12-17,36.20,38.70,36.00,38.10,1347229
2009-12-16,38.30,39.50,37.60,38.30,1531039
2009-12-15,38.20,38.70,34.30,34.60,4333676
2009-12-14,34.60,34.60,33.80,34.40,898333
2009-12-11,34.40,34.90,33.80,34.70,858476
2009-12-10,34.40,35.80,34.20,35.70,1010431
2009-12-09,34.20,35.30,34.00,35.00,1019003
2009-12-08,34.70,36.40,34.50,36.20,1522638
2009-12-07,36.30,37.70,36.10,37.60,1319946
2009-12-04,37.40,38.80,36.60,38.50,1448188
2009-12-03,37.50,39.30,37.30,37.90,1256480
2009-12-02,37.70,39.30,36.60,36.90,1859287
2009-12-01,36.70,37.70,35.80,36.00,2080109
2009-11-30,36.30,36.30,34.50,35.40,1562482
2009-11-27,35.40,36.40,35.00,35.30,719172
2009-11-25,36.40,36.90,34.00,34.30,2645473
2009-11-24,34.00,34.91,33.50,34.70,1100615
2009-11-23,34.80,36.50,34.00,35.30,2139173
2009-11-20,35.10,35.70,34.90,35.00,1148195
2009-11-19,35.40,36.40,35.00,35.60,741300
2009-11-18,36.10,37.40,35.80,36.90,1095361
2009-11-17,36.90,37.80,36.50,37.60,989460
2009-11-16,37.70,38.00,35.70,35.80,2446861
2009-11-13,35.70,36.10,35.10,35.30,1315045
2009-11-12,35.30,37.10,35.00,36.80,1730766
2009-11-11,37.00,38.50,35.90,38.50,1372301
2009-11-10,37.60,38.40,35.10,36.00,2706974
2009-11-09,35.90,35.90,34.60,34.90,1677387
2009-11-06,34.90,35.10,33.80,34.50,1460737
2009-11-05,35.20,35.80,33.60,34.80,2495600
2009-11-04,34.30,36.10,33.70,36.00,2520418
2009-11-03,35.20,35.40,32.60,33.00,1986945
2009-11-02,33.70,36.50,33.60,35.60,2388175
2009-10-30,35.30,38.90,33.80,38.70,5373314
2009-10-29,38.50,40.00,37.60,39.70,4106847
2009-10-28,38.50,42.90,38.35,42.50,3678732
2009-10-27,42.20,46.10,42.00,45.30,4183382
2009-10-26,45.10,48.30,43.80,46.00,16113254
2009-10-23,43.40,45.20,43.10,43.70,3122452
2009-10-22,43.60,43.70,42.20,43.10,1943400
2009-10-21,42.40,43.00,41.50,41.50,1917278
2009-10-20,41.50,43.50,41.50,42.80,1692608
2009-10-19,42.90,44.50,42.70,44.10,2190931
2009-10-16,44.10,44.60,42.30,43.70,2975474
2009-10-15,43.80,44.80,41.10,41.10,4311833
2009-10-14,41.50,41.60,40.70,41.30,2074275
2009-10-13,41.30,41.70,40.70,41.00,1042320
2009-10-12,40.80,42.00,40.60,41.90,1821926
2009-10-09,42.10,42.10,40.80,41.50,1186341
2009-10-08,41.60,42.50,41.40,42.50,1793032
2009-10-07,42.30,43.00,41.30,42.30,1989249
2009-10-06,42.30,42.40,40.50,40.90,3582595
2009-10-05,40.20,42.50,40.00,41.30,3594988
2009-10-02,40.60,41.90,40.10,41.50,3670147
2009-10-01,42.30,45.30,42.30,45.00,4016773
2009-09-30,44.70,46.00,44.00,45.60,2823082
2009-09-29,44.80,46.00,44.70,46.00,2588199
2009-09-28,45.80,47.40,45.30,46.20,4303439
2009-09-25,46.00,47.50,45.10,46.40,4335780
2009-09-24,47.00,50.00,46.00,49.80,6847874
2009-09-23,49.50,52.00,48.70,52.00,5771619
2009-09-22,51.10,56.30,50.70,55.00,9720982
2009-09-21,54.00,54.50,48.60,49.30,18384520
2009-09-18,51.80,59.31,42.40,44.10,127501992
2009-09-17,49.10,49.90,48.20,48.20,6193303
2009-09-16,48.20,48.80,47.20,47.30,3252468
2009-09-15,47.20,49.10,45.00,49.00,7083742
2009-09-14,49.50,52.30,48.30,52.30,8151402
2009-09-11,53.00,54.90,51.50,53.70,4057330
2009-09-10,53.00,56.10,50.91,51.20,6863039
2009-09-09,49.90,51.40,47.50,49.20,8580217
2009-09-08,46.20,48.40,45.90,48.00,1931049
2009-09-04,47.40,47.50,45.20,46.30,1675495
2009-09-03,45.50,46.60,44.90,46.00,1126189
2009-09-02,45.70,46.10,43.60,44.50,1088809
2009-09-01,44.50,47.35,44.00,46.10,1913983
2009-08-31,46.50,47.00,45.30,46.50,1645993
2009-08-28,47.00,48.17,46.40,47.80,1071913
2009-08-27,47.60,49.30,46.30,49.20,2238682
2009-08-26,49.50,49.70,47.50,49.00,2911012
2009-08-25,48.80,50.20,45.20,45.50,3040850
2009-08-24,45.30,45.50,44.10,45.40,1549909
2009-08-21,44.60,45.50,44.10,45.10,1488673
2009-08-20,44.90,45.60,44.00,45.10,1050075
2009-08-19,44.70,45.10,42.00,42.30,1914450
2009-08-18,42.80,43.90,41.90,43.20,1027513
2009-08-17,42.70,44.10,42.00,43.60,1173222
2009-08-14,44.20,45.30,43.30,45.20,1036013
2009-08-13,44.70,45.10,43.60,44.80,1428946
2009-08-12,44.70,45.80,43.50,44.30,1550392
2009-08-11,43.50,47.00,43.40,46.80,2184700
2009-08-10,46.90,48.30,46.10,47.20,1120929
2009-08-07,47.30,48.40,46.50,47.80,1427800
2009-08-06,47.10,50.00,46.70,50.00,1956250
2009-08-05,50.00,51.50,49.00,51.10,1760995
2009-08-04,51.20,52.00,48.50,49.70,1697218
2009-08-03,50.30,52.00,49.50,51.80,1938569
2009-07-31,51.00,52.30,49.60,50.90,3253311
2009-07-30,50.90,51.40,49.70,50.00,1236491
2009-07-29,49.60,49.90,48.50,49.70,1283645
2009-07-28,49.70,51.80,48.60,50.30,2499011
2009-07-27,50.30,50.80,48.30,49.30,2368328
2009-07-24,48.30,48.90,46.10,47.00,1387521
2009-07-23,46.00,46.90,45.20,45.80,1921220
2009-07-22,44.90,46.10,42.10,42.10,2862758
2009-07-21,42.80,43.20,41.10,42.60,1260018
2009-07-20,42.50,43.50,39.70,41.30,3329224
2009-07-17,40.00,41.30,40.00,41.00,1368422
2009-07-16,41.00,41.70,40.10,40.90,1350567
2009-07-15,41.00,41.55,40.10,40.60,1527093
2009-07-14,40.00,40.40,38.20,39.90,1563820
2009-07-13,39.90,39.90,38.20,39.80,1100492
2009-07-10,39.70,40.20,38.50,40.00,1320891
2009-07-09,40.10,40.70,39.30,40.00,1957875
2009-07-08,39.60,43.50,39.10,42.00,6978428
2009-07-07,46.70,48.20,46.30,48.00,1402349
2009-07-06,48.00,48.40,46.30,48.30,1664489
2009-07-02,48.50,48.90,46.80,48.70,1452948
2009-07-01,49.50,50.80,48.01,50.80,1173433
2009-06-30,49.90,50.80,48.20,48.60,1864541
2009-06-29,48.60,49.80,47.60,49.70,881463
2009-06-26,50.00,50.00,47.00,49.20,4077746
2009-06-25,48.90,49.45,46.70,47.70,2715221
2009-06-24,47.90,48.80,45.50,46.90,2573798
2009-06-23,46.90,47.50,45.50,47.50,2283763
2009-06-22,47.90,51.10,47.10,50.60,3125373
2009-06-19,51.50,54.20,50.00,53.70,4061824
2009-06-18,52.80,54.30,50.70,51.90,3080088
2009-06-17,51.90,53.30,49.10,50.00,4222542
2009-06-16,51.60,56.40,50.70,54.50,3357214
2009-06-15,54.70,54.80,47.80,49.70,4509116
2009-06-12,49.90,50.50,47.50,48.80,1614368
2009-06-11,49.00,51.50,47.00,47.10,3519819
2009-06-10,46.80,48.90,44.70,48.80,2589101
2009-06-09,48.80,51.50,47.20,51.50,5142982
2009-06-08,49.40,51.20,41.00,44.20,17195106
2009-06-05,39.40,40.20,37.60,40.00,1955323
2009-06-04,39.20,39.60,35.40,35.60,3191216
2009-06-03,35.60,36.40,34.30,36.10,950217
2009-06-02,36.20,36.70,34.60,35.40,1080289
2009-06-01,35.70,37.50,34.70,37.00,1982786
2009-05-29,36.80,37.80,35.10,37.30,1519096
2009-05-28,37.00,39.00,35.40,37.20,1674607
2009-05-27,36.20,40.20,35.60,36.40,4305777
2009-05-26,35.10,35.60,32.70,33.30,2659840
2009-05-22,32.20,33.20,30.60,31.60,1360114
2009-05-21,31.30,32.60,30.30,32.30,1324813
2009-05-20,32.20,32.80,30.80,31.00,2705319
2009-05-19,30.00,31.00,29.70,30.30,2175726
2009-05-18,30.00,30.40,29.00,29.60,1675446
2009-05-15,29.10,29.70,27.80,29.50,2343234
2009-05-14,27.20,27.80,25.60,26.20,1399253
2009-05-13,25.40,27.40,25.40,26.80,1832205
2009-05-12,27.30,31.20,26.30,30.80,2958548
2009-05-11,30.50,30.50,27.80,28.10,2385033
2009-05-08,28.10,28.20,26.70,27.40,1396353
2009-05-07,26.50,27.80,24.90,25.60,1719463
2009-05-06,26.20,29.90,24.90,28.70,2888447
2009-05-05,28.50,28.90,27.20,28.50,1213340
2009-05-04,28.10,29.00,26.70,28.00,1447909
2009-05-01,26.60,29.60,26.10,28.50,2493474
2009-04-30,28.10,30.50,25.40,25.70,6245584
2009-04-29,25.10,25.10,23.80,23.90,1159387
2009-04-28,23.80,24.20,23.60,24.00,1233689
2009-04-27,24.30,25.70,23.60,24.00,1605330
2009-04-24,24.60,24.80,23.20,23.50,1764411
2009-04-23,23.30,25.00,23.10,24.50,1830185
2009-04-22,24.10,25.30,23.90,24.50,1863495
2009-04-21,24.50,24.50,22.60,23.50,1989445
2009-04-20,23.60,25.70,23.50,25.60,2415224
2009-04-17,25.80,26.20,24.70,25.30,4435272
2009-04-16,25.00,25.00,23.50,25.00,2835782
2009-04-15,23.90,24.00,23.00,23.00,1632720
2009-04-14,23.20,24.70,23.00,24.10,2583881
2009-04-13,24.40,25.10,23.50,24.80,2726893
2009-04-09,24.80,26.00,24.30,25.30,2255617
2009-04-08,24.50,25.50,24.00,24.40,1821142
2009-04-07,24.60,26.20,23.60,25.70,3832404
2009-04-06,26.10,27.60,26.00,27.00,3166664
2009-04-03,27.20,29.40,26.70,28.90,5165700
2009-04-02,29.60,31.30,29.40,31.10,2811034
2009-04-01,30.70,31.40,27.80,28.80,5270961
2009-03-31,30.10,32.40,29.90,30.80,6552247
2009-03-30,32.30,37.50,28.50,32.70,35016640
2009-03-27,45.00,47.50,41.50,41.90,4093672
2009-03-26,41.40,41.50,39.80,41.20,1991433
2009-03-25,40.10,43.00,38.40,41.60,2908312
2009-03-24,40.60,42.00,40.00,42.00,2303001
2009-03-23,42.00,42.40,40.60,42.40,2985694
2009-03-20,39.80,42.40,39.50,42.00,3609922
2009-03-19,41.80,43.80,40.50,43.80,2464414
2009-03-18,42.20,43.50,40.20,40.80,3091149
2009-03-17,40.10,40.50,35.70,39.90,5533252
2009-03-16,39.90,48.80,39.60,48.60,7743408
2009-03-13,50.90,52.80,45.20,52.80,3801727
2009-03-12,54.70,55.00,50.10,50.50,3010426
2009-03-11,50.40,55.70,50.00,55.00,2145757
2009-03-10,50.50,51.10,48.00,49.90,2583549
2009-03-09,45.40,47.90,42.40,45.00,3167041
2009-03-06,41.60,41.90,39.00,39.70,2003498
2009-03-05,38.80,41.40,38.80,40.80,1514027
2009-03-04,40.60,41.90,39.35,40.60,1488221
2009-03-03,38.50,41.70,38.50,40.60,1468559
2009-03-02,40.00,41.70,39.60,41.20,1749904
2009-02-27,41.70,44.70,40.30,41.30,2193174
2009-02-26,42.10,48.00,42.00,48.00,2645315
2009-02-25,47.40,51.50,47.40,50.80,2436862
2009-02-24,52.40,53.30,47.60,48.70,2028252
2009-02-23,47.40,52.50,47.10,51.00,1909106
2009-02-20,48.60,52.00,48.30,52.00,3011322
2009-02-19,52.40,60.00,52.10,59.90,3147506
2009-02-18,58.60,68.00,58.00,67.70,3792566
2009-02-17,68.70,69.90,62.50,65.60,2785706
2009-02-13,65.10,73.60,63.50,72.50,3784120
2009-02-12,71.50,74.20,66.50,67.50,5626104
2009-02-11,67.40,69.10,63.40,65.50,4318052
2009-02-10,62.00,63.20,60.20,62.90,2924339
2009-02-09,61.20,65.40,58.00,62.10,5309038
2009-02-06,56.90,57.40,53.80,56.60,2732356
2009-02-05,52.50,55.70,49.50,52.20,3554028
2009-02-04,47.30,52.90,45.50,45.70,2025283
2009-02-03,44.50,44.50,41.90,43.30,685371
2009-02-02,42.90,43.90,40.90,41.10,810646
2009-01-30,41.40,43.40,41.10,42.20,580735
2009-01-29,41.90,42.70,40.60,41.80,438308
2009-01-28,42.10,42.15,40.20,41.90,762579
2009-01-27,41.50,41.60,35.10,37.20,801411
2009-01-26,36.90,37.90,33.70,33.70,494579
2009-01-23,33.60,34.40,32.70,33.00,337186
2009-01-22,33.80,35.50,33.10,34.50,390135
2009-01-21,35.30,35.30,32.20,33.50,529944
2009-01-20,33.00,36.90,32.90,36.40,649207
2009-01-16,37.00,38.80,35.70,38.00,405677
2009-01-15,37.90,38.00,34.50,37.50,511406
2009-01-14,37.50,38.30,35.70,37.50,674162
2009-01-13,38.10,38.30,36.60,36.90,389237
2009-01-12,37.00,38.70,36.60,37.40,610160
2009-01-09,37.00,40.77,37.00,40.60,416665
2009-01-08,40.50,40.60,37.60,38.50,318169
2009-01-07,38.40,39.90,36.80,39.90,905880
2009-01-06,40.00,42.50,39.60,42.50,743528
2009-01-05,42.20,43.19,41.60,42.50,801909
2009-01-02,42.50,43.40,40.70,42.40,335848
2008-12-31,41.70,41.90,39.50,39.90,619137
2008-12-30,39.90,40.00,37.30,38.40,259615
2008-12-29,38.00,39.90,37.40,39.80,399278
2008-12-26,39.90,40.00,38.80,39.80,187309
2008-12-24,39.50,42.30,39.50,40.70,208215
2008-12-23,40.70,43.50,40.40,42.00,294958
2008-12-22,41.80,46.00,40.00,45.60,608947
2008-12-19,45.70,46.80,43.60,45.10,980452
2008-12-18,43.70,45.40,39.20,39.20,935191
2008-12-17,39.40,39.60,36.80,37.40,486890
2008-12-16,37.80,37.90,35.80,37.20,745004
2008-12-15,36.60,38.70,36.00,38.60,605661
2008-12-12,38.30,38.30,35.80,36.10,532539
2008-12-11,36.80,38.80,36.40,36.70,559520
2008-12-10,37.10,37.40,33.40,35.50,1430490
2008-12-09,36.20,39.00,36.20,38.10,968800
2008-12-08,38.40,40.30,36.10,36.70,915236
2008-12-05,36.00,36.40,33.10,34.60,538998
2008-12-04,35.00,35.40,33.40,33.40,718052
2008-12-03,33.80,34.10,31.10,31.60,498648
2008-12-02,32.70,34.10,30.70,31.50,604063
2008-12-01,30.70,38.50,30.20,38.00,926245
2008-11-28,38.60,38.90,35.00,38.50,310547
2008-11-26,38.40,38.40,33.05,34.00,627692
2008-11-25,35.00,35.00,33.10,33.50,519432
2008-11-24,33.40,34.50,30.90,31.60,759868
2008-11-21,31.30,33.20,27.50,32.40,1452456
2008-11-20,32.10,34.30,31.00,31.30,1109808
2008-11-19,31.70,36.70,31.70,34.70,518985
2008-11-18,34.80,35.50,31.60,32.90,710107
2008-11-17,32.90,35.00,32.00,33.90,625459
2008-11-14,34.00,37.40,33.90,35.80,611000
2008-11-13,36.30,36.70,31.10,31.60,891915
2008-11-12,31.40,35.90,31.10,34.80,813585
2008-11-11,35.10,36.80,34.80,35.30,540415
2008-11-10,35.40,36.90,35.10,36.90,372367
2008-11-07,36.40,36.70,35.40,35.90,391293
2008-11-06,35.60,38.10,35.00,37.70,638186
2008-11-05,37.80,39.90,37.60,39.60,572744
2008-11-04,39.80,39.80,37.20,38.80,946513
2008-11-03,37.90,39.00,36.00,36.80,705041
2008-10-31,36.80,37.10,31.00,35.20,798719
2008-10-30,35.60,35.60,30.10,33.90,657320
2008-10-29,32.70,33.80,28.90,30.00,823783
2008-10-28,30.70,35.80,28.00,31.10,1251090
2008-10-27,30.60,31.40,28.90,29.90,2311332
2008-10-24,29.30,30.50,27.00,27.40,1218895
2008-10-23,29.60,32.90,28.00,31.30,1042592
2008-10-22,31.20,33.40,30.70,32.70,549984
2008-10-21,33.10,36.40,32.90,35.10,1067474
2008-10-20,35.40,37.40,34.30,36.50,769737
2008-10-17,35.70,42.00,35.40,36.90,959602
2008-10-16,38.80,38.90,34.00,35.10,869613
2008-10-15,35.90,41.10,35.20,40.30,839123
2008-10-14,40.10,41.20,37.80,40.00,1009941
2008-10-13,38.30,38.70,35.10,38.70,1294470
2008-10-10,36.70,37.00,29.00,35.50,2777297
2008-10-09,37.20,42.40,36.20,42.10,1073632
2008-10-08,41.70,42.40,37.00,40.00,1414537
2008-10-07,40.80,44.00,40.20,44.00,1191638
2008-10-06,43.70,45.00,40.00,44.40,1378778
2008-10-03,45.00,51.40,45.00,48.50,1723264
2008-10-02,48.30,51.00,47.20,50.50,967737
2008-10-01,50.60,50.80,48.30,50.10,804826
2008-09-30,50.00,53.60,49.90,52.50,1121362
2008-09-29,52.40,54.30,51.45,53.50,1074333
2008-09-26,54.20,54.70,51.10,52.90,1260366
2008-09-25,53.40,55.00,51.80,51.80,1134603
2008-09-24,51.70,54.40,51.50,52.50,966620
2008-09-23,52.60,54.40,51.50,53.80,1181949
2008-09-22,53.70,56.40,53.70,54.70,1297934
2008-09-19,55.10,62.40,53.50,61.50,3178698
2008-09-18,59.60,60.70,52.90,55.80,3544660
2008-09-17,54.50,57.50,54.50,57.30,1267677
2008-09-16,58.00,58.00,52.00,53.50,1470926
2008-09-15,53.80,56.80,53.70,55.00,1224960
2008-09-12,56.10,57.00,55.50,56.70,732648
2008-09-11,56.50,58.10,56.10,56.10,1507826
2008-09-10,57.60,58.90,57.00,58.10,1019137
2008-09-09,57.50,59.50,57.50,58.50,1173927
2008-09-08,58.40,59.60,57.40,59.10,1161307
2008-09-05,58.00,58.70,56.60,57.70,1104314
2008-09-04,57.70,59.20,56.40,59.20,1291085
2008-09-03,59.80,60.30,58.00,60.30,1189930
2008-09-02,60.40,62.90,59.50,61.50,782932
2008-08-29,60.70,62.60,60.60,62.00,673764
2008-08-28,62.20,62.40,59.80,60.10,1025637
2008-08-27,59.50,63.60,59.10,63.60,1810584
2008-08-26,63.50,64.90,62.50,63.10,846123
2008-08-25,63.20,63.80,61.80,62.60,801249
2008-08-22,62.30,62.70,60.50,60.80,598087
2008-08-21,60.90,62.85,60.20,62.50,902339
2008-08-20,63.10,65.00,62.60,63.60,805835
2008-08-19,63.20,65.90,62.10,65.20,1191806
2008-08-18,65.80,67.40,65.10,66.60,865177
2008-08-15,66.10,66.90,65.50,66.20,849357
2008-08-14,65.60,66.20,62.80,63.30,950368
2008-08-13,63.70,63.80,61.30,61.60,1059804
2008-08-12,61.60,61.60,59.00,60.40,903009
2008-08-11,60.40,60.40,56.85,57.50,1183567
2008-08-08,57.40,58.50,54.90,54.90,1227490
2008-08-07,54.50,57.30,54.10,56.20,1397721
2008-08-06,56.80,65.50,56.20,65.00,2699011
2008-08-05,66.50,66.90,65.00,65.00,1059173
2008-08-04,65.80,68.00,65.20,67.70,851593
2008-08-01,67.90,68.20,66.10,68.20,710996
2008-07-31,67.80,68.20,64.60,64.60,1105547
2008-07-30,65.20,67.00,63.30,66.40,703823
2008-07-29,66.10,67.00,62.50,66.20,1018022
2008-07-28,66.10,69.20,65.50,67.70,597830
2008-07-25,67.70,68.40,65.40,66.60,1002230
2008-07-24,66.00,69.40,65.50,68.60,1384752
2008-07-23,68.90,69.90,65.25,69.50,1712655
2008-07-22,69.00,69.90,64.50,65.30,2350734
2008-07-21,65.20,66.90,62.80,62.90,1694530
2008-07-18,62.80,64.30,61.30,62.70,934059
2008-07-17,62.60,63.20,60.90,61.00,1473302
2008-07-16,60.20,61.31,58.60,59.70,2028357
2008-07-15,59.30,59.80,55.20,56.50,1436894
2008-07-14,57.30,61.30,56.75,60.30,1654350
2008-07-11,60.00,60.10,57.80,58.60,1674657
2008-07-10,58.20,60.10,56.10,56.40,2614458
2008-07-09,56.60,58.10,53.80,54.80,1749187
2008-07-08,54.70,54.70,51.60,52.20,1489786
2008-07-07,52.30,54.60,51.60,53.30,1209566
2008-07-03,52.90,54.40,51.40,52.40,786937
2008-07-02,54.00,55.00,52.00,52.90,1225729
2008-07-01,53.10,53.70,51.00,51.60,2067085
2008-06-30,51.90,57.60,51.70,55.90,2382550
2008-06-27,56.00,59.80,51.50,52.00,3921343
2008-06-26,51.30,52.90,48.00,48.40,2630125
2008-06-25,48.70,49.00,47.85,48.30,928342
2008-06-24,48.30,49.20,47.90,48.00,714172
2008-06-23,48.40,48.70,46.90,47.60,687399
2008-06-20,47.80,47.80,46.00,46.80,1015007
2008-06-19,47.00,48.30,46.50,47.60,641229
2008-06-18,47.70,48.80,47.10,48.40,794263
2008-06-17,48.40,48.80,47.90,48.50,711103
2008-06-16,48.50,48.90,47.50,47.90,340032
2008-06-13,48.20,49.00,47.50,48.50,724913
2008-06-12,48.20,48.20,47.20,48.00,1026922
2008-06-11,46.80,48.50,46.70,47.90,947607
2008-06-10,47.40,47.80,46.10,46.50,1231517
2008-06-09,46.80,47.90,45.50,47.10,685665
2008-06-06,46.70,49.40,46.30,49.40,1200048
2008-06-05,49.30,50.00,48.10,48.70,1974450
2008-06-04,48.50,50.20,47.80,49.90,1429854
2008-06-03,50.20,51.20,48.60,50.50,967803
2008-06-02,50.50,51.90,49.50,51.20,1018137
2008-05-30,51.30,52.20,50.70,51.60,757973
2008-05-29,51.80,51.90,49.13,49.40,1114672
2008-05-28,49.50,51.00,48.60,50.30,842067
2008-05-27,50.40,50.50,48.50,50.00,1073492
2008-05-23,49.40,52.20,49.40,51.10,909540
2008-05-22,50.40,51.00,49.10,50.20,477994
2008-05-21,50.40,52.60,49.70,52.60,830212
2008-05-20,52.40,53.10,51.80,52.40,581396
2008-05-19,52.80,53.10,51.80,52.90,956039
2008-05-16,52.70,52.90,51.40,52.80,902465
2008-05-15,52.30,53.40,50.00,50.80,1336961
2008-05-14,50.10,52.70,50.00,51.70,1510567
2008-05-13,51.50,51.90,50.30,51.80,852514
2008-05-12,51.30,52.70,50.50,51.80,652046
2008-05-09,52.10,52.40,50.00,50.00,2048525
2008-05-08,49.60,55.40,49.20,55.30,3529605
2008-05-07,55.60,56.70,55.00,56.00,985788
2008-05-06,55.60,56.50,55.20,55.40,1102734
2008-05-05,55.60,56.50,55.30,55.60,838423
2008-05-02,55.80,58.30,55.70,58.30,927763
2008-05-01,57.20,57.60,55.60,55.60,1035965
2008-04-30,55.90,57.30,55.10,57.00,925281
2008-04-29,56.40,57.80,55.70,57.80,948531
2008-04-28,57.80,58.50,57.00,57.40,518001
2008-04-25,57.60,58.80,56.70,58.80,868368
2008-04-24,58.40,59.50,56.60,57.20,1139845
2008-04-23,57.10,58.20,56.00,58.20,916916
2008-04-22,58.10,60.00,57.50,59.30,941142
2008-04-21,59.50,61.10,58.30,60.50,1133200
2008-04-18,61.00,61.10,60.00,60.90,961954
2008-04-17,59.60,61.50,59.40,60.80,791193
2008-04-16,60.50,60.50,58.80,60.10,1302852
2008-04-15,59.40,60.80,58.90,60.30,2167334
2008-04-14,60.30,63.10,59.00,62.00,1464111
2008-04-11,61.90,63.70,61.40,63.20,1124002
2008-04-10,63.80,65.30,62.30,63.90,1348717
2008-04-09,63.60,68.00,63.00,68.00,1416967
2008-04-08,67.40,69.90,67.30,68.50,727072
2008-04-07,68.20,69.80,67.60,69.20,703084
2008-04-04,69.20,70.00,68.60,69.90,433258
2008-04-03,69.60,71.40,69.10,70.10,839672
2008-04-02,70.50,73.50,68.70,70.20,2576275
2008-04-01,68.90,70.80,68.30,68.40,1024606
2008-03-31,68.40,70.00,67.20,68.00,785751
2008-03-28,68.40,71.00,68.20,69.70,868339
2008-03-27,69.40,70.90,69.00,69.30,904881
2008-03-26,69.40,70.30,66.60,68.30,1148660
2008-03-25,69.10,77.50,68.60,76.10,2912832
2008-03-24,76.10,77.20,70.00,71.30,1978425
2008-03-20,69.40,69.80,66.50,66.80,1947662
2008-03-19,66.70,67.00,64.30,65.40,1486448
2008-03-18,64.60,67.90,62.70,67.10,2207572
2008-03-17,65.40,70.80,61.50,69.00,4401327
2008-03-14,63.10,65.20,60.80,64.80,914548
2008-03-13,64.40,64.60,60.60,62.90,878415
2008-03-12,62.40,64.10,61.50,63.50,1889793
2008-03-11,63.30,64.50,59.50,63.10,1478559
2008-03-10,61.40,66.20,59.50,66.10,1793782
2008-03-07,65.40,66.90,63.10,65.00,1338440
2008-03-06,65.20,69.50,65.20,68.60,860356
2008-03-05,68.80,70.20,68.10,69.60,799361
2008-03-04,69.10,69.80,67.70,69.80,818293
2008-03-03,69.90,70.40,67.60,67.90,2457106
2008-02-29,67.80,69.20,65.00,69.00,2001770
2008-02-28,69.90,71.70,69.20,70.10,1918788
2008-02-27,69.40,70.10,67.90,69.50,1002472
2008-02-26,69.70,72.10,69.40,69.80,1755621
2008-02-25,70.50,71.00,67.20,67.20,1274622
2008-02-22,67.30,69.40,66.00,69.30,963465
2008-02-21,68.10,72.90,66.60,72.30,1417891
2008-02-20,71.70,71.70,68.30,68.90,1421359
2008-02-19,69.10,70.10,68.20,68.90,993242
2008-02-15,68.10,72.30,67.60,71.90,1298749
2008-02-14,71.20,73.40,70.10,72.50,746017
2008-02-13,72.30,72.90,70.60,71.90,1200045
2008-02-12,70.30,73.00,70.20,73.00,1029354
2008-02-11,73.00,74.90,71.20,74.90,914306
2008-02-08,74.90,77.20,74.00,76.80,590531
2008-02-07,76.30,77.70,75.00,76.60,753588
2008-02-06,76.90,78.80,74.60,77.90,1160740
2008-02-05,74.40,79.00,73.40,73.50,1048005
2008-02-04,74.40,76.40,73.40,76.00,784464
2008-02-01,76.30,76.50,72.30,72.40,1064976
2008-01-31,72.40,73.00,70.50,71.40,1124050
2008-01-30,71.80,74.60,71.80,73.00,713616
2008-01-29,73.70,75.50,72.80,75.50,784279
2008-01-28,75.30,76.40,72.90,73.40,832683
2008-01-25,73.70,78.70,73.50,77.00,1316640
2008-01-24,76.00,83.90,75.80,83.50,1748094
2008-01-23,83.40,83.50,78.80,80.00,1335263
2008-01-22,80.90,82.60,75.00,75.50,1081619
2008-01-18,78.80,84.30,77.80,83.90,1555027
2008-01-17,84.40,86.80,83.20,86.80,1041886
2008-01-16,84.80,86.20,81.35,82.40,1573032
2008-01-15,82.90,86.60,76.70,78.30,3271334
2008-01-14,74.30,79.30,73.50,77.80,840274
2008-01-11,77.00,80.00,76.80,77.90,1037259
2008-01-10,78.60,79.50,74.70,74.70,1479823
2008-01-09,74.70,76.00,72.00,75.00,1242876
2008-01-08,74.10,76.40,73.10,73.10,1065772
2008-01-07,72.60,73.40,71.10,71.50,1118933
2008-01-04,71.10,72.00,70.20,71.70,1101316
2008-01-03,72.00,76.30,71.80,75.90,1548074
2008-01-02,76.70,79.50,75.20,78.10,1085001
2007-12-31,78.30,79.40,77.60,79.10,875990
2007-12-28,79.70,82.20,79.30,81.70,794039
2007-12-27,80.30,83.40,80.30,81.50,846161
2007-12-26,81.40,82.90,80.40,82.00,894724
2007-12-24,82.30,83.50,80.70,82.10,801600
2007-12-21,81.70,86.70,81.70,84.00,3603281
2007-12-20,82.60,84.50,80.30,84.50,892124
2007-12-19,83.50,88.00,82.30,86.60,1029087
2007-12-18,85.30,85.80,83.50,85.60,802817
2007-12-17,84.30,86.00,83.80,83.80,575587
2007-12-14,84.20,87.40,83.70,85.50,969907
2007-12-13,86.10,87.80,84.37,86.60,897980
2007-12-12,86.60,91.50,85.20,90.70,802722
2007-12-11,88.10,92.50,87.80,91.70,2457528
2007-12-10,91.20,93.20,90.40,91.00,1120792
2007-12-07,91.00,91.10,87.50,87.50,1242630
2007-12-06,86.90,87.60,80.20,81.50,1190448
2007-12-05,81.60,83.10,78.90,82.50,772146
2007-12-04,81.60,84.50,80.90,84.50,1289174
2007-12-03,83.90,88.40,82.20,87.90,1289574
2007-11-30,87.50,92.00,87.50,91.50,2055157
2007-11-29,90.00,92.00,84.60,84.90,1924979
2007-11-28,84.90,85.50,82.30,83.50,1199881
2007-11-27,82.60,83.75,80.50,82.80,658513
2007-11-26,82.70,84.50,81.80,81.80,924283
2007-11-23,82.30,82.60,80.50,81.90,308250
2007-11-21,81.40,82.70,80.40,80.60,1207634
2007-11-20,81.50,83.20,80.00,82.20,3295914
2007-11-19,82.40,87.30,81.60,87.30,884047
2007-11-16,88.50,88.60,84.00,84.10,985648
2007-11-15,84.00,88.00,83.00,84.30,1171706
2007-11-14,84.80,86.60,84.00,86.20,1299814
2007-11-13,85.70,89.40,84.10,88.20,1041285
2007-11-12,87.70,94.00,86.30,94.00,1805217
2007-11-09,89.00,90.00,80.40,88.60,1653232
2007-11-08,84.20,91.20,81.20,90.00,2837845
2007-11-07,89.30,94.90,89.30,94.90,1309706
2007-11-06,94.60,98.50,93.80,98.50,1296242
2007-11-05,97.60,99.10,96.40,99.10,1322022
2007-11-02,99.10,100.50,99.00,99.20,4101530
2007-11-01,99.10,100.90,94.20,94.50,1525656
2007-10-31,96.10,96.50,92.00,94.70,942064
2007-10-30,93.80,94.65,90.60,90.70,966184
2007-10-29,90.80,92.70,89.70,92.70,963243
2007-10-26,92.40,94.40,89.80,93.60,1940570
2007-10-25,93.40,98.80,92.70,98.10,1305055
2007-10-24,98.10,102.40,96.21,102.40,1336529
2007-10-23,100.50,103.80,99.90,103.60,891776
2007-10-22,102.90,105.00,99.00,105.00,1654987
2007-10-19,105.40,110.30,104.80,109.80,978060
2007-10-18,108.50,110.90,105.40,107.90,1524459
2007-10-17,106.50,108.00,104.50,107.40,791240
2007-10-16,107.30,107.50,105.50,107.50,449792
2007-10-15,107.50,107.80,102.70,106.50,1034974
2007-10-12,106.20,107.20,105.20,105.60,425185
2007-10-11,105.70,109.90,105.10,109.90,588947
2007-10-10,109.10,109.70,107.10,108.30,435298
2007-10-09,108.10,109.50,106.60,108.40,704623
2007-10-08,108.10,110.50,107.30,110.50,585325
2007-10-05,109.90,113.70,109.00,113.20,750050
2007-10-04,112.50,113.20,110.90,112.70,923222
2007-10-03,112.40,113.90,105.60,105.60,2030958
2007-10-02,106.30,109.90,105.90,109.10,1534199
2007-10-01,108.80,111.40,107.60,110.00,1172976
2007-09-28,109.50,115.90,109.40,113.90,1113614
2007-09-27,113.10,113.30,110.50,112.60,862179
2007-09-26,111.90,116.60,111.30,115.50,1186732
2007-09-25,114.70,120.00,111.90,119.90,2586248
2007-09-24,117.20,121.00,115.90,120.50,1080691
2007-09-21,120.30,122.20,119.00,119.10,899976
2007-09-20,119.40,121.00,118.30,120.70,735939
2007-09-19,120.60,122.20,118.90,120.70,1040547
2007-09-18,119.70,120.70,116.60,117.40,1252724
2007-09-17,117.00,120.10,116.50,120.00,1282491
2007-09-14,120.20,120.20,115.10,118.30,1199026
2007-09-13,119.30,130.70,118.20,130.30,2492519
2007-09-12,129.00,133.60,128.40,129.70,2593442
2007-09-11,132.40,158.90,128.60,158.90,5939099
2007-09-10,140.20,145.20,139.30,140.00,1083031
2007-09-07,139.80,139.80,130.70,135.00,1036872
2007-09-06,136.50,137.10,129.40,134.50,1982977
2007-09-05,133.70,140.60,132.70,137.60,2291308
2007-09-04,137.50,142.50,133.00,133.80,1429051
2007-08-31,134.00,134.90,129.40,129.40,784917
2007-08-30,128.10,135.00,126.90,131.40,758416
2007-08-29,133.00,133.60,129.50,129.70,953610
2007-08-28,129.50,132.80,128.50,132.50,446551
2007-08-27,133.00,136.10,131.50,132.60,502631
2007-08-24,132.80,133.20,127.50,130.10,669545
2007-08-23,125.00,131.70,123.80,130.70,925598
2007-08-22,129.80,137.50,129.80,136.10,633248
2007-08-21,134.70,136.80,131.90,131.90,743634
2007-08-20,132.30,135.00,131.50,131.50,458121
2007-08-17,130.70,133.00,124.10,126.50,749194
2007-08-16,124.00,127.10,120.90,124.00,881965
2007-08-15,124.60,128.70,120.40,121.50,607258
2007-08-14,122.70,129.00,119.80,128.10,840119
2007-08-13,127.90,138.40,126.00,137.50,1255562
2007-08-10,138.80,142.40,131.20,142.40,1471045
2007-08-09,144.40,147.70,136.60,137.30,3381231
2007-08-08,139.40,142.40,128.00,128.00,2618348
2007-08-07,128.00,130.20,116.80,117.20,1285359
2007-08-06,119.00,119.70,109.80,111.40,1056786
2007-08-03,111.10,115.30,110.50,111.60,741762
2007-08-02,112.60,114.80,111.30,113.20,720751
2007-08-01,113.00,116.50,111.00,114.00,613712
2007-07-31,114.30,116.30,113.70,115.20,716583
2007-07-30,115.20,116.20,113.70,116.00,787711
2007-07-27,115.80,119.40,115.30,117.20,809808
2007-07-26,117.50,119.60,113.90,115.70,962450
2007-07-25,117.30,119.40,113.90,117.70,1027205
2007-07-24,117.40,122.30,115.70,121.50,944313
2007-07-23,122.40,124.50,121.60,123.10,874065
2007-07-20,122.40,125.00,120.84,121.00,1609679
2007-07-19,125.90,128.80,122.40,122.50,954073
2007-07-18,123.60,124.40,120.00,122.60,845170
2007-07-17,122.60,124.50,120.70,121.20,722516
2007-07-16,122.10,124.90,121.30,123.60,879833
2007-07-13,123.90,125.80,118.00,118.00,1391728
2007-07-12,118.00,118.40,112.40,112.50,1174740
2007-07-11,111.60,114.20,111.30,114.00,743940
2007-07-10,112.60,114.10,109.00,110.00,991613
2007-07-09,110.30,112.50,109.90,110.70,769731
2007-07-06,110.50,111.60,107.80,108.50,1137525
2007-07-05,108.10,109.30,106.40,107.60,940192
2007-07-03,107.90,109.70,106.70,108.42,374236
2007-07-02,108.00,110.82,105.60,110.40,1214406
2007-06-29,109.90,111.50,108.30,109.60,1035458
2007-06-28,109.00,110.70,108.30,108.80,515904
2007-06-27,108.80,109.30,106.00,106.60,1215635
2007-06-26,106.90,109.98,106.80,109.40,1047046
2007-06-25,108.70,112.70,108.20,112.70,1402918
2007-06-22,111.40,114.10,110.00,112.40,2786988
2007-06-21,112.00,114.30,111.60,112.50,879670
2007-06-20,113.10,115.80,112.40,115.80,1813312
2007-06-19,115.70,120.00,115.10,120.00,1572087
2007-06-18,119.10,123.40,118.70,122.80,1459362
2007-06-15,122.70,124.60,122.30,122.90,1411126
2007-06-14,122.00,129.00,120.70,125.60,2428274
2007-06-13,129.40,131.00,126.70,128.50,492505
2007-06-12,128.50,133.00,128.10,132.20,724780
2007-06-11,133.20,135.70,130.90,132.70,363681
2007-06-08,132.68,134.40,129.80,130.10,458351
2007-06-07,130.70,133.90,129.30,132.90,595511
2007-06-06,133.70,137.80,133.10,137.20,477452
2007-06-05,138.00,141.30,136.70,140.90,629322
2007-06-04,141.80,142.90,136.60,137.80,646957
2007-06-01,138.00,140.20,136.60,139.40,1139029
2007-05-31,139.00,141.00,135.80,140.10,1024939
2007-05-30,140.00,142.00,139.10,142.00,690253
2007-05-29,143.00,143.70,140.00,140.90,958705
2007-05-25,141.10,143.70,139.40,143.40,748969
2007-05-24,143.20,147.40,141.60,143.60,769405
2007-05-23,144.00,147.80,143.20,147.80,655997
2007-05-22,145.70,146.70,143.60,146.20,497934
2007-05-21,145.70,147.40,142.70,144.80,705443
2007-05-18,144.00,144.80,140.40,140.90,777234
2007-05-17,140.40,142.00,139.20,140.20,991159
2007-05-16,140.50,141.00,137.90,139.70,1082156
2007-05-15,139.00,140.60,137.80,140.00,971367
2007-05-14,139.90,140.80,137.50,140.70,915886
2007-05-11,140.60,140.80,133.60,133.70,1401049
2007-05-10,133.80,137.80,133.70,136.70,1056538
2007-05-09,137.40,138.00,134.90,137.40,859937
2007-05-08,138.00,142.20,131.90,136.90,935697
2007-05-07,135.50,137.10,134.60,135.00,688015
2007-05-04,137.50,142.40,136.50,142.40,626331
2007-05-03,138.30,139.90,136.40,139.90,1299007
2007-05-02,137.90,138.10,131.60,132.00,1592617
2007-05-01,131.90,139.10,126.70,139.10,1288759
2007-04-30,130.30,134.80,129.90,134.80,841579
2007-04-27,131.00,132.00,130.40,131.10,604296
2007-04-26,131.10,132.50,130.60,131.20,680868
2007-04-25,130.80,137.40,129.80,132.00,1307214
2007-04-24,132.00,134.20,129.00,129.20,1617034
2007-04-23,128.30,128.40,123.30,124.00,909797
2007-04-20,122.60,124.60,120.90,122.50,1168805
2007-04-19,122.50,127.30,110.00,110.00,2479369
2007-04-18,113.50,114.20,110.90,111.60,914143
2007-04-17,111.60,117.30,110.30,116.50,1032300
2007-04-16,116.80,118.40,114.10,115.20,580095
2007-04-13,115.00,115.40,113.90,115.10,683977
2007-04-12,113.60,114.50,109.00,109.70,833339
2007-04-11,109.70,112.16,106.50,111.80,634165
2007-04-10,111.50,112.70,110.10,110.60,594529
2007-04-09,110.80,111.30,107.40,107.40,828711
2007-04-05,107.60,108.50,104.60,105.10,602274
2007-04-04,105.30,107.10,103.40,104.70,417521
2007-04-03,106.30,107.40,103.90,104.10,830501
2007-04-02,104.00,108.60,103.60,108.60,733225
2007-03-30,108.60,109.40,105.30,106.00,991127
2007-03-29,106.30,109.38,103.60,108.20,983212
2007-03-28,107.80,109.60,100.20,100.30,1873356
2007-03-27,99.80,105.70,99.60,105.50,1915303
2007-03-26,105.60,108.90,104.90,108.70,1306555
2007-03-23,108.70,113.30,108.00,112.70,1272447
2007-03-22,113.00,114.60,112.60,114.00,751352
2007-03-21,113.40,114.60,110.60,112.50,593996
2007-03-20,112.10,113.20,111.60,113.00,552691
2007-03-19,112.90,115.60,112.00,115.30,718908
2007-03-16,115.70,116.00,111.80,113.70,1160960
2007-03-15,113.80,113.80,111.20,111.90,512214
2007-03-14,111.90,115.40,110.20,113.80,724572
2007-03-13,114.35,117.00,114.10,116.10,794052
2007-03-12,117.10,117.70,114.20,114.50,602376
2007-03-09,114.60,116.50,113.50,115.00,722674
2007-03-08,114.30,115.00,112.30,113.30,988091
2007-03-07,111.80,118.20,111.50,118.20,1950850
2007-03-06,117.90,119.00,116.10,117.00,813528
2007-03-05,116.00,120.90,115.80,118.80,921559
2007-03-02,120.00,124.68,117.50,124.20,1113147
2007-03-01,124.20,126.10,120.40,124.00,819540
2007-02-28,126.50,128.40,123.60,127.80,966955
2007-02-27,128.10,134.80,125.41,134.50,1355525
2007-02-26,135.00,138.50,133.90,136.80,461598
2007-02-23,137.10,139.00,136.30,136.80,687097
2007-02-22,136.80,142.50,136.20,141.90,1062807
2007-02-21,137.60,141.00,136.50,140.20,781325
2007-02-20,140.10,141.80,136.00,138.40,595761
2007-02-16,139.00,140.30,136.80,140.00,918153
2007-02-15,143.00,145.00,142.00,145.00,656902
2007-02-14,145.50,145.80,141.50,142.40,990111
2007-02-13,142.80,143.50,139.90,143.10,1109714
2007-02-12,142.50,143.80,139.90,140.70,743775
2007-02-09,141.10,143.80,139.50,142.00,883485
2007-02-08,141.90,144.60,134.20,135.00,1735214
2007-02-07,134.30,135.70,129.10,129.50,782026
2007-02-06,129.60,131.00,128.40,129.60,722141
2007-02-05,129.00,130.90,125.50,126.90,838170
2007-02-02,127.20,129.70,127.00,129.00,476904
2007-02-01,129.00,129.90,127.40,127.40,585375
2007-01-31,127.70,129.90,126.90,129.70,618042
2007-01-30,130.20,131.70,129.00,130.10,433924
2007-01-29,130.10,131.60,125.50,128.40,641009
2007-01-26,129.10,129.80,124.90,126.20,639639
2007-01-25,126.40,130.00,125.40,129.00,488404
2007-01-24,128.30,131.00,127.90,127.90,1318580
2007-01-23,127.90,130.20,126.70,130.00,1461186
2007-01-22,130.90,131.70,130.10,130.80,715578
2007-01-19,131.70,133.20,129.00,130.60,521448
2007-01-18,131.20,134.70,129.00,130.20,869171
2007-01-17,134.70,135.30,132.00,134.00,584941
2007-01-16,134.30,136.50,132.00,132.50,1210058
2007-01-12,131.50,134.40,128.85,128.90,976633
2007-01-11,128.50,131.50,126.50,127.10,882496
2007-01-10,126.70,127.30,124.90,126.10,695283
2007-01-09,127.00,127.70,125.10,125.80,872048
2007-01-08,126.20,127.50,124.10,127.30,1227099
2007-01-05,127.90,128.40,126.00,128.40,926727
2007-01-04,129.10,130.70,125.00,127.20,747007
2007-01-03,127.20,131.60,122.90,130.50,1137619
2006-12-29,129.10,130.60,128.10,129.20,1435601
2006-12-28,129.50,133.20,128.50,133.10,1039361
2006-12-27,133.30,134.50,132.24,133.90,529530
2006-12-26,133.20,137.50,132.30,137.00,670915
2006-12-22,136.60,137.80,132.00,132.60,1461311
2006-12-21,128.80,130.00,124.60,128.70,1319938
2006-12-20,129.00,131.90,128.70,129.60,525960
2006-12-19,129.90,130.70,128.20,129.60,933254
2006-12-18,129.80,135.00,129.20,134.10,882980
2006-12-15,133.90,137.30,133.50,135.60,766274
2006-12-14,135.30,137.80,134.00,135.00,795122
2006-12-13,134.60,138.70,133.50,137.70,1423620
2006-12-12,136.40,147.10,136.10,144.10,1630245
2006-12-11,142.60,144.00,139.00,141.10,1696856
2006-12-08,141.40,142.50,134.00,134.50,3520188
2006-12-07,132.10,135.50,130.70,134.30,541952
2006-12-06,134.40,136.30,132.60,135.20,524123
2006-12-05,134.70,137.40,129.50,130.80,1135031
2006-12-04,130.60,131.70,128.40,130.20,641985
2006-12-01,130.50,131.90,127.50,128.60,889180
2006-11-30,129.00,130.00,123.00,126.20,3772864
2006-11-29,134.10,139.70,132.90,136.61,1473612
2006-11-28,140.90,142.20,139.90,140.20,626738
2006-11-27,141.30,145.90,139.50,144.80,809879
2006-11-24,146.00,146.10,143.40,145.00,253136
2006-11-22,146.50,147.50,145.10,146.70,634616
2006-11-21,147.50,149.50,145.20,147.80,618507
2006-11-20,148.30,150.70,145.60,148.15,944739
2006-11-17,147.90,148.60,142.40,144.90,1142651
2006-11-16,146.00,147.80,141.50,141.50,1127778
2006-11-15,141.50,143.90,140.00,143.30,1807242
2006-11-14,143.50,143.50,140.00,143.40,1002257
2006-11-13,143.50,146.20,142.70,146.00,884330
2006-11-10,146.20,149.00,143.00,147.50,1277160
2006-11-09,148.50,154.40,147.50,154.00,1885615
2006-11-08,154.50,156.30,152.00,153.20,650253
2006-11-07,155.10,157.00,153.60,154.00,1049905
2006-11-06,154.50,155.00,152.50,153.30,841540
2006-11-03,152.30,153.00,149.80,151.70,1408721
2006-11-02,150.90,151.40,147.00,150.10,1200354
2006-11-01,150.80,154.10,149.90,153.10,741770
2006-10-31,152.50,155.90,151.10,154.00,998338
2006-10-30,153.30,154.00,149.80,152.60,962839
2006-10-27,152.60,157.40,150.50,154.10,1871845
2006-10-26,155.20,162.00,149.50,162.00,3831958
2006-10-25,163.00,163.90,155.00,160.00,4121937
2006-10-24,152.00,164.90,148.00,164.00,6110916
2006-10-23,169.10,172.30,168.40,172.00,1653694
2006-10-20,173.90,175.50,168.80,173.30,2030150
2006-10-19,172.47,176.90,168.00,173.00,1987232
2006-10-18,172.70,176.90,165.00,169.00,5278589
2006-10-17,162.10,163.60,155.00,157.80,3427833
2006-10-16,155.80,163.20,155.10,163.00,2532871
2006-10-13,152.10,153.20,148.70,153.20,716185
2006-10-12,152.30,152.40,148.00,148.30,1344034
2006-10-11,147.00,150.40,144.60,147.30,991880
2006-10-10,147.70,153.70,144.10,152.30,1825166
2006-10-09,152.30,153.50,146.00,150.90,1716888
2006-10-06,149.30,154.70,141.60,145.10,2425553
2006-10-05,144.50,144.70,136.10,138.10,1806346
2006-10-04,137.80,139.40,133.40,135.00,5599391
2006-10-03,127.50,129.50,123.80,126.50,1076389
2006-10-02,126.50,126.80,119.30,120.00,848041
2006-09-29,119.80,121.90,119.40,121.30,379851
2006-09-28,120.90,124.60,120.00,123.10,391072
2006-09-27,123.30,123.40,118.70,118.70,615926
2006-09-26,119.30,121.10,115.40,117.10,1796840
2006-09-25,122.50,123.80,118.50,122.20,500319
2006-09-22,122.20,125.50,120.00,124.60,447840
2006-09-21,125.30,129.70,122.60,129.00,729221
2006-09-20,129.00,129.40,121.20,122.20,907656
2006-09-19,120.80,121.80,118.10,121.30,377280
2006-09-18,121.40,123.00,119.00,120.00,516648
2006-09-15,120.00,120.90,112.70,112.70,1041966
2006-09-14,111.50,115.40,110.70,114.60,500460
2006-09-13,115.40,117.80,113.60,116.20,445724
2006-09-12,115.90,124.30,113.50,117.00,844388
2006-09-11,114.50,115.50,111.50,113.10,517452
2006-09-08,114.20,116.00,111.00,111.50,477889
2006-09-07,111.60,114.20,111.00,114.00,434349
2006-09-06,114.90,122.30,114.50,121.70,400564
2006-09-05,121.10,122.30,118.10,120.50,467900
2006-09-01,120.00,121.80,118.40,121.10,733151
2006-08-31,122.70,124.00,119.50,120.00,637992
2006-08-30,119.80,122.00,115.20,119.60,1108379
2006-08-29,120.00,120.00,106.00,106.00,1271046
2006-08-28,105.80,106.80,104.30,105.50,264293
2006-08-25,105.20,106.90,104.50,105.00,241024
2006-08-24,105.60,108.00,104.90,106.90,271565
2006-08-23,106.70,110.50,105.30,110.50,261800
2006-08-22,110.50,110.80,108.40,109.50,205918
2006-08-21,110.00,111.10,108.50,111.10,192362
2006-08-18,111.40,113.60,108.40,113.30,318433
2006-08-17,112.70,113.20,108.40,109.00,305028
2006-08-16,109.70,110.00,106.60,108.20,315420
2006-08-15,106.70,110.40,105.00,107.00,398274
2006-08-14,104.50,107.40,103.10,104.40,339716
2006-08-11,103.80,104.70,100.70,102.50,380536
2006-08-10,102.30,104.20,98.60,102.00,487870
2006-08-09,101.00,104.50,100.30,102.90,774821
2006-08-08,101.60,103.20,100.30,102.90,377949
2006-08-07,102.60,103.10,100.00,102.30,389715
2006-08-04,103.10,106.80,102.30,105.50,391161
2006-08-03,105.00,107.30,103.10,106.00,477504
2006-08-02,106.70,107.50,103.00,103.90,587450
2006-08-01,102.90,106.50,100.60,103.20,453592
2006-07-31,103.50,105.80,102.30,105.40,456216
2006-07-28,105.20,106.20,100.50,104.00,452640
2006-07-27,104.60,108.20,102.80,107.40,821963
2006-07-26,106.00,107.30,94.00,106.00,1328469
2006-07-25,105.20,109.90,98.50,99.50,936641
2006-07-24,98.30,98.70,92.20,92.30,558690
2006-07-21,92.30,95.60,91.80,95.60,359469
2006-07-20,96.30,100.90,95.00,99.80,315536
2006-07-19,99.80,101.00,95.40,95.60,392296
2006-07-18,96.40,97.60,92.20,96.30,339044
2006-07-17,96.20,97.20,94.10,95.30,271601
2006-07-14,96.20,100.12,95.10,99.00,682475
2006-07-13,99.50,103.90,98.40,103.80,771261
2006-07-12,104.40,111.90,103.90,110.00,392970
2006-07-11,110.10,110.50,106.90,108.10,408001
2006-07-10,108.50,109.70,108.20,108.80,246888
2006-07-07,108.70,110.90,107.90,110.90,267540
2006-07-06,111.00,112.70,110.00,110.60,312454
2006-07-05,110.30,114.00,108.00,113.80,675729
2006-07-03,113.90,116.20,113.00,115.10,197760
2006-06-30,115.80,117.00,109.40,111.50,1749818
2006-06-29,110.20,112.20,102.70,106.20,759287
2006-06-28,105.40,106.00,102.60,104.30,318548
2006-06-27,104.20,109.70,103.00,108.40,476083
2006-06-26,107.80,111.20,107.00,111.20,423091
2006-06-23,109.80,111.10,109.00,110.70,679289
2006-06-22,110.50,115.00,107.90,114.00,716775
2006-06-21,114.30,116.00,111.20,113.80,589684
2006-06-20,113.10,116.00,112.20,114.80,487965
2006-06-19,114.70,118.50,111.50,116.40,512949
2006-06-16,116.30,121.20,114.50,118.90,1294156
2006-06-15,119.20,125.00,118.00,119.80,1039067
2006-06-14,117.50,121.80,114.40,118.70,961285
2006-06-13,119.10,132.00,118.00,131.30,1752485
2006-06-12,127.60,131.40,124.90,131.10,401452
2006-06-09,130.60,137.50,130.30,136.90,414287
2006-06-08,135.90,137.73,131.90,137.10,536234
2006-06-07,137.50,140.00,131.90,133.20,540641
2006-06-06,133.70,134.70,129.30,132.50,490584
2006-06-05,131.70,142.40,131.60,141.30,391017
2006-06-02,141.70,144.60,138.70,143.10,329816
2006-06-01,142.30,142.40,137.30,141.10,715675
2006-05-31,136.40,139.40,128.10,131.20,838334
2006-05-30,130.90,134.50,129.90,134.50,463120
2006-05-26,134.40,134.80,122.80,122.90,830280
2006-05-25,121.70,121.80,116.70,118.10,466767
2006-05-24,116.80,120.30,113.60,117.00,502827
2006-05-23,117.00,124.40,116.60,120.60,462622
2006-05-22,120.00,121.80,117.20,121.40,495795
2006-05-19,122.50,123.10,117.60,121.80,601244
2006-05-18,121.60,128.50,120.90,124.00,940911
2006-05-17,119.90,134.30,119.10,133.00,1114273
2006-05-16,133.60,135.80,127.60,131.90,723049
2006-05-15,131.90,136.00,129.30,134.60,609346
2006-05-12,136.20,140.00,135.00,138.40,585291
2006-05-11,138.80,146.40,138.20,146.40,665720
2006-05-10,146.40,154.40,146.30,151.60,933883
2006-05-09,151.80,152.00,137.00,137.00,1826646
2006-05-08,132.20,134.60,130.50,134.60,362484
2006-05-05,134.60,137.00,131.80,131.90,556027
2006-05-04,131.20,133.76,127.50,131.10,495964
2006-05-03,131.50,133.30,127.00,128.60,794911
2006-05-02,129.00,135.50,128.20,135.00,789509
2006-05-01,135.30,143.90,134.30,142.30,531870
2006-04-28,141.60,142.10,138.00,139.10,368888
2006-04-27,140.40,143.10,137.20,139.90,536018
2006-04-26,139.90,143.30,137.20,139.10,450272
2006-04-25,139.00,144.15,137.80,143.00,760909
2006-04-24,143.10,151.20,142.80,150.20,473155
2006-04-21,150.00,154.70,147.10,153.70,380397
2006-04-20,152.40,155.50,147.50,154.90,563725
2006-04-19,154.60,155.00,150.20,150.90,554282
2006-04-18,149.80,151.50,145.50,145.50,543408
2006-04-17,145.80,151.50,142.50,151.00,603657
2006-04-13,151.30,152.10,147.40,147.70,694250
2006-04-12,147.40,151.40,145.40,148.30,649187
2006-04-11,147.30,157.00,145.30,156.60,1074664
2006-04-10,155.30,158.60,153.00,158.60,907764
2006-04-07,155.80,165.20,152.00,164.00,2160853
2006-04-06,164.50,175.80,163.30,175.60,1307276
2006-04-05,175.60,175.60,170.70,171.20,548130
2006-04-04,171.00,175.70,170.50,173.10,670227
2006-04-03,174.20,181.90,172.80,181.80,788591
2006-03-31,181.10,187.70,178.90,187.60,898378
2006-03-30,185.90,189.50,185.10,187.20,649045
2006-03-29,186.80,188.50,172.60,180.10,1848466
2006-03-28,180.70,184.50,172.60,173.70,1226865
2006-03-27,173.70,177.00,170.90,174.00,498636
2006-03-24,174.20,176.80,173.00,176.00,580605
2006-03-23,176.90,181.90,175.00,180.30,519270
2006-03-22,181.30,183.20,170.20,175.00,792543
2006-03-21,173.40,182.90,173.00,182.70,839632
2006-03-20,183.30,184.70,180.10,183.60,469874
2006-03-17,184.70,188.90,177.50,186.70,1610586
2006-03-16,185.10,196.60,182.70,195.80,976210
2006-03-15,195.10,200.00,191.00,198.00,588221
2006-03-14,199.20,206.76,197.50,205.70,851050
2006-03-13,204.30,205.10,197.00,199.90,701396
2006-03-10,198.50,200.89,195.50,198.90,664408
2006-03-09,198.80,203.50,196.40,196.40,910496
2006-03-08,196.40,197.30,187.00,192.00,736980
2006-03-07,192.10,196.60,187.00,196.60,1127507
2006-03-06,196.60,199.00,191.00,192.20,1286904
2006-03-03,191.20,193.00,185.20,186.60,1006931
2006-03-02,184.50,185.80,180.70,181.10,895991
2006-03-01,180.50,182.50,176.80,177.90,783455
2006-02-28,177.10,179.00,169.80,177.40,1328474
2006-02-27,177.20,184.20,174.50,175.75,1508918
2006-02-24,173.50,174.00,160.00,161.30,1064563
2006-02-23,161.30,166.80,156.10,164.00,764754
2006-02-22,163.10,164.20,158.60,164.10,433333
2006-02-21,162.90,170.00,161.00,169.20,538945
2006-02-17,168.30,168.80,162.70,164.50,622071
2006-02-16,164.70,165.00,158.70,159.40,663368
2006-02-15,158.40,159.30,155.10,157.40,632234
2006-02-14,155.90,163.40,155.00,161.90,3127787
2006-02-13,150.20,152.50,145.10,152.20,782186
2006-02-10,153.60,154.70,150.50,154.50,274757
2006-02-09,155.00,158.60,153.50,153.70,513008
2006-02-08,154.00,157.00,148.80,156.10,603236
2006-02-07,155.60,160.50,155.20,158.80,474499
2006-02-06,158.50,160.90,155.00,159.60,668509
2006-02-03,160.00,169.50,157.50,166.60,639345
2006-02-02,167.20,171.20,165.50,169.90,523167
2006-02-01,170.90,171.40,167.30,168.90,614524
2006-01-31,169.70,169.80,165.00,168.40,844676
2006-01-30,168.10,173.50,167.20,173.50,1549652
2006-01-27,173.30,179.00,172.40,175.00,3479010
2006-01-26,169.70,171.00,164.50,166.20,745735
2006-01-25,165.20,168.40,162.50,168.00,381008
2006-01-24,166.10,168.00,164.20,167.60,400055
2006-01-23,166.50,169.20,159.90,168.90,468174
2006-01-20,168.00,170.59,166.36,170.50,697637
2006-01-19,169.50,171.70,166.20,169.80,675044
2006-01-18,168.10,168.50,158.20,158.40,950781
2006-01-17,162.60,166.09,150.30,154.00,1891885
2006-01-13,157.40,162.00,156.00,162.00,802968
2006-01-12,161.00,165.00,158.10,165.00,809454
2006-01-11,164.50,169.50,162.00,169.40,885332
2006-01-10,168.00,172.60,166.50,172.50,861105
2006-01-09,171.90,175.80,168.00,170.20,1072364
2006-01-06,170.10,173.00,162.10,164.80,1564409
2006-01-05,162.60,164.60,156.90,157.50,1008947
2006-01-04,157.50,165.00,154.60,156.70,1766496
2006-01-03,154.50,155.40,142.10,143.90,2576788
2005-12-30,142.10,143.60,140.50,141.00,382243
2005-12-29,143.00,145.00,142.30,143.70,352015
2005-12-28,142.60,144.10,141.10,143.60,413381
2005-12-27,143.60,145.90,143.00,145.70,550373
2005-12-23,144.40,146.00,142.84,144.90,415448
2005-12-22,144.90,146.40,141.40,142.20,795180
2005-12-21,142.10,142.40,140.20,140.60,721958
2005-12-20,140.70,142.50,139.70,140.70,554719
2005-12-19,139.40,143.70,137.30,141.50,783006
2005-12-16,141.50,142.50,137.00,137.00,1234377
2005-12-15,136.60,137.60,134.50,136.00,1397497
2005-12-14,134.80,142.50,133.40,138.20,7107624
2005-12-13,114.10,115.80,112.10,113.50,1843203
2005-12-12,114.20,118.60,110.50,110.50,723555
2005-12-09,109.80,112.10,109.00,110.00,234361
2005-12-08,110.00,112.30,107.20,108.70,684761
2005-12-07,108.00,111.00,107.60,108.70,235372
2005-12-06,108.00,108.90,106.60,107.50,611640
2005-12-05,107.60,109.90,107.10,109.50,233317
2005-12-02,108.80,110.60,106.50,110.60,516909
2005-12-01,108.50,110.50,107.20,108.40,580456
2005-11-30,107.80,108.70,104.00,104.00,522473
2005-11-29,103.80,107.90,103.10,106.35,477940
2005-11-28,106.40,111.20,105.20,111.20,690072
2005-11-25,111.40,112.10,109.40,109.50,135129
2005-11-23,109.90,112.50,108.35,112.00,520376
2005-11-22,110.70,113.00,108.40,109.00,406990
2005-11-21,108.40,109.80,104.91,106.80,299705
2005-11-18,106.30,107.60,103.30,104.50,317871
2005-11-17,103.20,103.40,100.80,101.40,242114
2005-11-16,101.10,101.90,96.50,101.50,295985
2005-11-15,100.70,106.50,100.10,104.50,242134
2005-11-14,105.00,108.60,104.20,108.60,147490
2005-11-11,106.90,107.40,102.30,103.70,251117
2005-11-10,101.20,101.90,99.00,100.10,376235
2005-11-09,100.60,103.00,100.10,102.50,235646
2005-11-08,102.50,102.80,100.00,102.10,185478
2005-11-07,102.20,103.20,95.60,103.20,529578
2005-11-04,104.40,106.00,103.30,104.00,162183
2005-11-03,104.50,108.00,104.20,108.00,330233
2005-11-02,107.20,108.10,102.40,102.70,534397
2005-11-01,102.10,104.30,101.10,104.30,334740
2005-10-31,104.00,104.60,99.50,99.50,271233
2005-10-28,100.00,100.20,97.70,98.30,318174
2005-10-27,98.40,100.60,98.40,100.60,1159154
2005-10-26,99.90,101.49,97.50,99.70,1114948
2005-10-25,99.90,101.40,95.70,95.70,578174
2005-10-24,97.50,97.90,93.90,93.90,348018
2005-10-21,93.70,99.30,92.90,98.00,401659
2005-10-20,98.10,99.40,97.00,99.20,337801
2005-10-19,99.20,99.40,93.50,97.40,297749
2005-10-18,97.80,101.00,93.90,98.30,411169
2005-10-17,98.50,103.90,98.40,103.30,352369
2005-10-14,102.50,102.70,98.10,100.90,520785
2005-10-13,98.40,99.10,91.40,91.70,397923
2005-10-12,91.90,96.00,91.00,93.70,460821
2005-10-11,94.20,99.00,93.80,99.00,287594
2005-10-10,98.10,99.50,96.60,97.50,195070
2005-10-07,96.70,99.30,96.10,97.20,212463
2005-10-06,97.00,101.00,97.00,99.50,471819
2005-10-05,99.60,101.90,97.65,101.80,420959
2005-10-04,101.90,105.40,100.50,103.50,630773
2005-10-03,104.00,104.80,98.40,99.20,1017188
2005-09-30,99.00,100.00,98.50,99.50,535253
2005-09-29,99.30,99.80,95.00,95.80,547519
2005-09-28,95.00,95.50,91.00,92.60,321829
2005-09-27,93.10,94.30,90.00,91.00,446920
2005-09-26,90.50,90.80,89.30,89.70,183025
2005-09-23,89.40,89.70,88.00,89.10,380664
2005-09-22,89.10,90.00,87.50,87.50,141754
2005-09-21,88.50,90.70,84.60,90.00,418732
2005-09-20,89.70,92.40,89.50,92.00,339297
2005-09-19,90.20,92.60,88.90,92.00,214804
2005-09-16,91.90,95.00,91.20,94.80,629635
2005-09-15,94.20,94.60,91.80,91.80,408941
2005-09-14,93.00,94.00,92.10,94.00,196629
2005-09-13,93.10,95.40,90.60,91.90,524557
2005-09-12,92.60,93.20,91.00,92.10,411203
2005-09-09,92.00,95.10,91.80,92.00,714973
2005-09-08,91.10,94.00,90.10,90.10,327783
2005-09-07,90.10,91.50,88.40,90.40,314082
2005-09-06,90.00,91.10,88.00,89.00,1138019
2005-09-02,86.30,86.40,84.70,85.50,199629
2005-09-01,85.70,88.10,83.40,84.30,364343
2005-08-31,83.70,84.70,81.10,82.10,143798
2005-08-30,81.70,84.50,80.90,83.30,84440
2005-08-29,83.50,83.90,82.50,83.10,119852
2005-08-26,83.60,85.60,83.60,85.60,198993
2005-08-25,85.60,86.20,83.10,84.50,486224
2005-08-24,81.60,84.20,81.30,83.80,133294
2005-08-23,84.00,85.90,83.50,85.90,147243
2005-08-22,85.30,85.50,79.60,79.60,320848
2005-08-19,79.90,82.00,79.60,80.30,174880
2005-08-18,80.50,82.00,78.60,78.60,155633
2005-08-17,79.10,79.80,78.60,79.20,211961
2005-08-16,79.70,80.40,79.60,80.20,106896
2005-08-15,80.00,81.50,77.90,81.00,243918
2005-08-12,81.40,81.40,78.00,78.70,291578
2005-08-11,79.70,79.70,77.50,79.50,383063
2005-08-10,79.30,85.00,79.00,84.30,257982
2005-08-09,83.40,84.20,82.78,83.90,63999
2005-08-08,83.50,84.50,83.50,83.90,193006
2005-08-05,83.90,84.80,81.30,84.80,364459
2005-08-04,83.60,87.50,83.00,87.00,330121
2005-08-03,86.50,89.30,85.90,89.30,434840
2005-08-02,88.30,89.80,87.70,87.80,264413
2005-08-01,86.60,88.20,86.50,87.00,307180
2005-07-29,86.70,87.20,81.00,81.00,421334
2005-07-28,82.50,83.30,79.00,80.20,297290
2005-07-27,80.50,82.50,80.20,81.90,155988
2005-07-26,81.90,83.00,80.70,82.00,330776
2005-07-25,80.80,83.00,80.00,82.40,201028
2005-07-22,82.20,82.90,75.20,81.90,441426
2005-07-21,82.80,84.50,80.80,83.00,237499
2005-07-20,82.80,84.00,81.10,81.50,453688
2005-07-19,81.80,84.70,80.10,82.29,437687
2005-07-18,83.20,83.80,80.80,82.50,544144
2005-07-15,83.00,83.80,77.70,77.70,1313412
2005-07-14,77.70,78.60,76.80,77.40,344108
2005-07-13,76.80,77.30,73.00,73.00,543000
2005-07-12,72.90,74.40,69.60,70.10,343907
2005-07-11,70.80,72.00,69.60,71.70,151449
2005-07-08,71.00,71.20,69.30,70.70,148765
2005-07-07,70.70,70.80,68.30,69.30,152938
2005-07-06,70.80,71.80,69.70,71.30,114424
2005-07-05,71.30,72.40,69.00,70.20,286634
2005-07-01,69.90,70.00,66.10,68.40,417429
2005-06-30,68.20,71.00,65.30,70.60,562299
2005-06-29,70.40,70.90,69.70,70.90,176543
2005-06-28,70.90,70.90,69.90,70.70,291851
2005-06-27,70.30,70.80,67.40,68.20,422005
2005-06-24,68.20,70.30,67.70,69.30,2984044
2005-06-23,69.50,71.50,69.00,70.60,290471
2005-06-22,70.80,71.00,68.50,70.10,197732
2005-06-21,70.10,71.20,67.80,71.00,240840
2005-06-20,70.80,71.50,69.50,70.00,1091142
2005-06-17,69.90,69.90,67.60,68.10,256434
2005-06-16,67.90,68.60,66.90,66.90,123528
2005-06-15,67.60,68.60,65.50,68.00,161380
2005-06-14,67.60,68.00,65.70,67.40,139997
2005-06-13,67.80,68.50,66.30,66.60,124750
2005-06-10,67.80,68.90,66.80,68.10,93350
2005-06-09,67.80,68.20,64.90,65.30,200747
2005-06-08,65.80,65.80,62.30,63.30,130588
2005-06-07,62.30,65.60,61.70,64.20,365314
2005-06-06,64.50,66.20,63.00,63.50,279724
2005-06-03,63.70,65.90,63.50,65.20,445872
2005-06-02,65.40,67.50,65.30,66.20,119321
2005-06-01,65.50,68.90,65.30,68.50,315655
2005-05-31,68.50,70.60,67.20,69.70,355151
2005-05-27,69.50,69.50,66.10,66.30,214566
2005-05-26,66.60,68.20,66.40,66.70,294549
2005-05-25,67.70,68.80,67.00,68.80,231412
2005-05-24,68.20,69.70,66.80,69.20,374492
2005-05-23,69.90,70.00,68.20,69.10,251938
2005-05-20,68.70,69.00,66.60,67.70,231978
2005-05-19,67.70,68.40,67.50,67.80,92298
2005-05-18,67.60,69.50,66.50,68.00,334618
2005-05-17,66.71,67.60,65.00,67.00,224443
2005-05-16,67.10,67.60,61.00,65.20,431128
2005-05-13,63.50,69.74,63.50,67.90,674989
2005-05-12,67.90,69.10,65.50,66.00,1228760
2005-05-11,64.90,74.90,64.10,72.40,8757234
2005-05-10,59.70,60.40,58.00,59.90,185129
2005-05-09,59.40,61.30,56.60,58.10,244896
2005-05-06,57.50,59.80,54.50,54.50,377540
2005-05-05,54.50,56.00,53.60,55.00,271908
2005-05-04,54.80,56.70,54.80,56.40,238760
2005-05-03,56.30,57.20,54.70,56.70,154526
2005-05-02,56.50,57.50,52.70,52.80,386110
2005-04-29,53.70,55.30,52.20,55.20,57661
2005-04-28,54.70,56.00,53.40,55.40,98506
2005-04-27,55.90,55.90,54.70,55.00,65949
2005-04-26,54.80,56.50,52.90,55.40,102836
2005-04-25,56.40,58.20,55.00,57.20,89289
2005-04-22,56.70,58.20,56.10,57.90,69024
2005-04-21,58.60,59.00,55.40,57.50,88070
2005-04-20,57.40,59.00,52.90,53.70,356458
2005-04-19,53.80,54.50,53.80,54.00,115746
2005-04-18,55.00,55.80,53.90,55.40,82852
2005-04-15,55.45,55.80,52.70,54.00,63123
2005-04-14,54.00,56.30,54.00,55.90,92200
2005-04-13,56.00,57.10,55.00,56.50,99866
2005-04-12,55.50,57.00,53.00,53.20,332802
2005-04-11,53.10,53.90,52.50,52.85,168496
2005-04-08,53.50,53.50,52.50,52.70,76778
2005-04-07,52.70,53.60,50.60,50.60,71142
2005-04-06,50.60,51.10,49.20,49.90,60183
2005-04-05,49.20,50.80,48.50,50.80,357851
2005-04-04,50.40,51.20,49.70,50.40,245055
2005-04-01,49.20,50.90,49.20,49.70,123244
2005-03-31,50.50,52.50,49.50,51.90,94788
2005-03-30,51.10,51.30,49.70,49.70,130536
2005-03-29,49.50,52.00,49.50,51.10,104660
2005-03-28,51.50,53.20,51.00,52.80,93871
2005-03-24,52.50,52.50,50.70,51.90,106432
2005-03-23,51.70,51.90,49.70,51.90,146770
2005-03-22,51.60,51.60,50.50,50.70,99251
2005-03-21,51.00,52.70,50.20,51.70,152932
2005-03-18,52.20,52.20,50.20,51.00,224294
2005-03-17,51.00,52.30,50.50,51.20,113061
2005-03-16,51.30,53.70,51.30,52.20,49177
2005-03-15,52.50,54.10,52.20,52.50,136620
2005-03-14,51.30,52.00,50.00,51.20,347417
2005-03-11,51.80,53.10,51.00,52.30,107479
2005-03-10,52.20,54.50,52.00,52.70,93375
2005-03-09,52.90,57.00,52.50,52.50,162060
2005-03-08,52.60,53.90,51.00,53.20,180625
2005-03-07,53.50,55.70,52.80,55.70,169024
2005-03-04,54.80,55.18,53.10,54.50,163349
2005-03-03,54.80,55.30,52.40,53.50,254498
2005-03-02,52.70,55.90,52.60,54.00,349928
2005-03-01,53.60,55.60,53.30,53.50,126164
2005-02-28,53.50,56.90,53.10,55.40,263525
2005-02-25,55.00,55.40,54.50,55.10,165563
2005-02-24,55.40,56.00,53.90,55.00,241319
2005-02-23,55.70,56.40,55.00,55.10,154407
2005-02-22,55.90,60.00,55.30,60.00,357782
2005-02-18,60.50,60.50,57.50,58.80,112346
2005-02-17,58.90,59.10,57.50,57.50,213232
2005-02-16,58.30,60.00,58.00,60.00,189870
2005-02-15,59.80,63.60,58.60,63.60,398470
2005-02-14,63.00,65.50,62.60,64.50,140109
2005-02-11,62.60,63.00,61.60,61.60,40188
2005-02-10,62.90,63.00,61.60,61.90,102234
2005-02-09,61.90,63.90,61.70,63.00,176967
2005-02-08,63.90,64.80,62.10,63.50,120266
2005-02-07,65.00,65.00,62.50,64.90,247757
2005-02-04,63.90,64.60,62.60,62.60,143864
2005-02-03,63.70,64.00,61.90,61.90,253417
2005-02-02,62.50,63.80,61.00,63.80,263560
2005-02-01,62.70,64.00,61.50,61.60,1251143
2005-01-31,60.10,62.00,58.50,62.00,139972
2005-01-28,61.10,62.20,58.60,58.95,621484
2005-01-27,59.00,60.10,58.00,59.70,752544
2005-01-26,59.40,59.70,58.90,59.00,311691
2005-01-25,59.50,62.50,58.18,62.50,403148
2005-01-24,61.20,64.20,61.00,63.00,92684
2005-01-21,63.40,64.00,61.20,62.80,66063
2005-01-20,63.10,64.50,62.40,62.40,40429
2005-01-19,63.20,63.90,62.40,63.90,76802
2005-01-18,64.60,64.60,60.00,60.10,130187
2005-01-14,61.60,63.00,60.70,62.70,141599
2005-01-13,62.50,64.20,60.60,64.20,366974
2005-01-12,65.70,65.70,62.50,62.50,191412
2005-01-11,63.70,65.00,62.73,64.00,92410
2005-01-10,64.50,68.00,63.10,64.70,312182
2005-01-07,63.90,64.40,62.70,62.70,55997
2005-01-06,63.36,63.70,62.20,62.20,27824
2005-01-05,62.51,64.80,62.30,64.80,124084
2005-01-04,64.90,65.00,63.60,65.00,176541
2005-01-03,65.00,67.70,64.60,67.70,142263
2004-12-31,67.00,67.00,65.20,65.60,115369
2004-12-30,65.80,66.80,64.70,64.70,159413
2004-12-29,65.00,66.30,64.00,65.00,165120
2004-12-28,64.50,65.55,64.00,65.55,114574
2004-12-27,64.60,65.20,64.20,64.20,140235
2004-12-23,64.20,68.00,63.10,65.00,232896
2004-12-22,64.00,64.80,63.10,64.50,217246
2004-12-21,63.81,67.00,62.50,65.40,1844979
2004-12-20,58.00,58.60,56.50,58.60,53167
2004-12-17,57.50,58.00,56.50,57.20,37158
2004-12-16,57.50,58.35,57.30,57.50,27456
2004-12-15,57.40,58.60,57.30,57.50,78053
2004-12-14,57.40,58.70,57.10,58.00,68955
2004-12-13,57.90,58.10,56.70,57.00,59276
2004-12-10,56.50,57.60,56.00,57.50,32383
2004-12-09,56.01,56.90,55.00,55.50,13856
2004-12-08,55.60,57.80,55.00,55.80,39652
2004-12-07,55.20,56.30,54.40,56.00,49823
2004-12-06,56.90,57.00,54.30,55.30,199909
2004-12-03,56.10,56.70,55.20,55.20,36518
2004-12-02,56.10,56.70,55.10,55.10,31105
2004-12-01,56.10,57.70,54.60,56.10,124872
2004-11-30,56.00,58.50,55.30,58.00,274078
2004-11-29,55.50,55.80,55.00,55.00,37201
2004-11-26,55.50,56.10,54.80,56.10,16644
2004-11-24,55.20,56.20,54.40,55.90,33846
2004-11-23,55.10,55.70,53.60,53.60,51834
2004-11-22,54.00,55.60,53.00,53.00,322279
2004-11-19,53.90,54.90,52.20,52.20,204543
2004-11-18,52.80,54.00,51.20,53.20,51511
2004-11-17,53.30,54.40,50.00,50.10,268783
2004-11-16,50.90,53.40,50.30,51.10,146384
2004-11-15,51.80,52.20,51.00,51.00,78979
2004-11-12,51.00,51.50,49.80,50.30,91375
2004-11-11,51.10,51.40,48.10,48.10,263409
2004-11-10,48.50,51.30,48.20,51.10,242806
2004-11-09,51.70,52.00,50.50,50.50,177842
2004-11-08,51.10,52.00,50.70,50.70,89867
2004-11-05,51.60,52.30,50.50,51.00,159118
2004-11-04,51.10,53.60,51.10,53.60,449335
2004-11-03,53.00,53.80,51.50,51.50,266269
2004-11-02,51.30,52.00,50.60,51.10,128904
2004-11-01,52.10,52.60,50.60,52.60,577352
2004-10-29,54.00,54.80,52.80,54.10,65669
2004-10-28,54.30,54.70,54.00,54.30,165515
2004-10-27,54.30,54.70,50.10,54.50,164506
2004-10-26,54.70,57.00,53.50,54.00,185694
2004-10-25,54.00,55.20,53.30,55.20,207819
2004-10-22,55.60,55.80,50.90,51.80,313390
2004-10-21,51.80,55.90,50.30,54.00,775936
2004-10-20,54.30,65.00,45.50,45.50,2895931
2004-10-19,46.10,46.51,45.70,46.10,54760
2004-10-18,45.90,47.30,45.00,46.20,227200
2004-10-15,46.10,46.20,45.20,46.00,35345
2004-10-14,45.40,47.50,45.00,47.50,204718
2004-10-13,47.00,47.40,44.40,44.60,77282
2004-10-12,45.30,45.60,43.80,44.50,22300
2004-10-11,44.80,45.00,43.20,43.70,63422
2004-10-08,44.10,44.10,43.60,43.60,195598
2004-10-07,43.70,44.20,42.70,42.70,77068
2004-10-06,43.70,43.80,41.90,41.90,80862
2004-10-05,44.20,44.20,43.50,43.50,18446
2004-10-04,43.90,44.70,43.30,43.50,137846
2004-10-01,44.10,44.10,43.10,43.35,90625
2004-09-30,43.10,43.90,42.80,43.90,111509
2004-09-29,43.50,43.53,42.60,42.60,116320
2004-09-28,42.60,42.60,42.00,42.30,120488
2004-09-27,43.00,43.80,41.60,43.80,132363
2004-09-24,45.10,45.50,42.00,42.51,116763
2004-09-23,42.70,43.50,41.60,43.50,47088
2004-09-22,43.10,43.80,40.70,40.70,66810
2004-09-21,41.60,41.70,41.00,41.30,32950
2004-09-20,41.20,42.00,41.00,41.30,63003
2004-09-17,42.90,43.00,41.70,42.40,81425
2004-09-16,41.70,42.40,40.60,40.60,38500
2004-09-15,41.10,41.10,40.50,40.90,66857
2004-09-14,41.10,41.20,38.90,38.90,58817
2004-09-13,39.80,40.00,38.80,39.00,46877
2004-09-10,39.40,39.60,38.70,39.10,255926
2004-09-09,39.10,41.20,39.00,39.90,67900
2004-09-08,39.00,39.90,38.90,39.50,64229
2004-09-07,40.20,40.20,38.60,38.60,93405
2004-09-03,39.40,41.00,38.60,40.40,62639
2004-09-02,40.00,40.30,39.40,39.80,97092
2004-09-01,39.80,41.40,39.70,40.20,103102
2004-08-31,41.00,41.50,39.40,39.60,52771
2004-08-30,39.70,40.40,39.70,40.38,18050
2004-08-27,40.10,40.90,39.50,39.90,88118
2004-08-26,40.20,41.00,38.90,39.10,63442
2004-08-25,39.50,40.60,38.40,39.10,391993
2004-08-24,39.60,42.40,37.50,41.20,107342
2004-08-23,40.39,42.00,39.70,42.00,87474
2004-08-20,41.70,41.70,38.90,40.00,160744
2004-08-19,40.60,40.70,38.80,39.10,101146
2004-08-18,39.40,39.80,37.50,38.00,134390
2004-08-17,38.00,38.70,37.60,38.70,80457
2004-08-16,37.69,38.80,37.10,37.10,65116
2004-08-13,37.50,37.80,37.10,37.50,60805
2004-08-12,37.90,38.80,37.30,37.50,95639
2004-08-11,38.00,38.60,36.70,38.00,162804
2004-08-10,37.00,38.70,35.70,37.10,264526
2004-08-09,35.70,38.42,34.80,38.42,532166
2004-08-06,37.70,39.10,37.60,38.90,169514
2004-08-05,38.90,41.80,38.60,40.00,465712
2004-08-04,40.50,41.50,39.50,41.50,193597
2004-08-03,41.30,41.90,41.10,41.90,103125
2004-08-02,41.60,42.90,40.50,42.50,3929151
2004-07-30,42.50,43.00,40.30,40.90,113940
2004-07-29,40.50,41.50,39.00,41.50,70765
2004-07-28,40.40,41.50,38.50,38.50,126228
2004-07-27,39.00,40.00,38.40,38.70,219387
2004-07-26,38.50,40.50,38.30,40.50,194122
2004-07-23,39.80,41.60,39.70,40.50,104524
2004-07-22,40.60,42.80,40.60,42.00,91263
2004-07-21,42.00,45.00,41.70,44.70,121332
2004-07-20,44.20,44.30,43.30,43.80,81950
2004-07-19,43.80,45.10,40.20,45.10,257170
2004-07-16,44.40,46.80,44.40,46.70,120873
2004-07-15,46.10,48.70,46.00,48.70,139680
2004-07-14,47.70,53.20,47.50,53.20,245306
2004-07-13,50.70,50.80,49.00,49.50,132145
2004-07-12,49.50,50.20,49.50,50.00,85433
2004-07-09,49.90,50.60,48.90,49.80,133365
2004-07-08,49.80,52.00,49.80,50.60,153394
2004-07-07,51.00,52.20,49.40,52.10,1081486
2004-07-06,52.10,53.30,52.10,53.20,50444
2004-07-02,53.20,54.30,52.00,53.50,63741
2004-07-01,53.30,55.00,53.30,54.50,235648
2004-06-30,54.60,56.00,52.50,52.80,147819
2004-06-29,53.00,53.30,52.00,52.10,276014
2004-06-28,52.20,54.40,52.10,53.00,215214
2004-06-25,52.40,57.60,51.50,51.50,1584266
2004-06-24,51.50,52.90,51.30,51.60,131773
2004-06-23,51.70,52.40,51.50,52.40,87513
2004-06-22,51.70,52.20,50.00,51.60,178990
2004-06-21,52.20,53.60,51.80,53.00,110668
2004-06-18,52.70,55.50,51.10,52.50,249074
2004-06-17,52.50,53.50,51.90,53.20,152567
2004-06-16,53.90,55.50,53.60,54.40,182400
2004-06-15,54.30,56.40,53.50,55.50,286505
2004-06-14,56.10,57.80,56.00,57.80,366252
2004-06-10,57.20,57.90,57.10,57.50,197331
2004-06-09,57.20,58.40,57.20,57.30,61360
2004-06-08,57.80,59.20,57.50,58.00,68255
2004-06-07,59.20,59.60,57.20,57.60,25163
2004-06-04,58.00,59.90,57.70,59.40,57783
2004-06-03,58.00,59.20,57.10,57.20,443511
2004-06-02,57.40,58.00,57.00,58.00,163431
2004-06-01,58.00,59.10,57.20,59.00,241885
2004-05-28,58.60,59.30,57.40,59.20,119223
2004-05-27,59.20,60.00,58.20,59.60,49502
2004-05-26,59.50,59.50,57.20,58.00,106034
2004-05-25,59.20,59.20,57.20,57.20,52830
2004-05-24,58.10,58.50,57.05,57.50,63338
2004-05-21,57.20,58.80,57.05,58.30,113611
2004-05-20,57.60,58.70,57.00,57.80,308811
2004-05-19,57.40,58.40,57.30,58.00,85771
2004-05-18,57.90,58.80,57.40,58.40,72107
2004-05-17,58.40,58.80,57.00,58.30,77086
2004-05-14,58.60,59.80,56.30,56.80,311864
2004-05-13,57.30,57.80,56.00,56.40,50985
2004-05-12,57.40,57.70,55.50,56.70,115589
2004-05-11,57.30,58.20,56.80,56.80,49340
2004-05-10,56.50,57.05,55.70,56.60,126246
2004-05-07,57.80,59.80,57.10,59.80,105283
2004-05-06,59.20,60.00,58.40,60.00,171585
2004-05-05,59.40,60.80,58.50,59.50,288816
2004-05-04,59.70,60.80,59.20,59.90,80500
2004-05-03,60.00,60.80,59.40,60.80,63842
2004-04-30,60.30,61.40,57.80,61.40,269017
2004-04-29,62.00,63.40,61.00,62.70,85968
2004-04-28,63.50,63.50,62.00,62.40,141738
2004-04-27,62.50,62.80,60.60,60.60,193680
2004-04-26,60.60,64.00,59.00,62.80,546268
2004-04-23,63.20,63.30,60.40,61.60,236764
2004-04-22,61.40,61.70,60.00,60.70,140972
2004-04-21,61.60,63.40,60.90,62.50,109761
2004-04-20,62.40,64.80,62.40,64.50,61929
2004-04-19,64.00,65.00,63.00,64.00,130690
2004-04-16,63.00,64.40,62.10,62.80,46294
2004-04-15,63.20,64.40,62.30,64.40,55052
2004-04-14,64.40,64.50,61.60,64.10,81458
2004-04-13,64.21,66.80,63.80,65.90,64426
2004-04-12,64.60,66.30,64.10,65.50,172332
2004-04-08,65.60,67.00,65.10,65.40,110440
2004-04-07,65.00,65.40,62.60,63.80,123737
2004-04-06,63.70,65.40,62.80,64.75,83490
2004-04-05,65.10,65.40,62.40,62.40,536038
2004-04-02,62.90,65.00,62.50,64.15,87800
2004-04-01,64.30,65.30,63.50,64.70,85752
2004-03-31,65.00,65.50,63.80,65.40,143496
2004-03-30,65.20,65.40,62.50,64.50,148038
2004-03-29,64.40,64.50,61.50,63.00,75759
2004-03-26,63.10,64.50,62.10,62.65,86725
2004-03-25,62.10,63.50,62.00,62.20,89634
2004-03-24,62.21,63.40,62.20,63.00,57148
2004-03-23,62.60,65.80,62.30,65.00,88805
2004-03-22,64.90,65.00,62.90,64.30,129661
2004-03-19,63.10,66.80,63.10,65.50,184668
2004-03-18,65.00,66.50,64.00,65.90,121722
2004-03-17,67.10,68.40,65.00,65.00,203176
2004-03-16,65.00,67.50,63.30,67.40,190996
2004-03-15,65.50,69.50,65.50,68.50,97058
2004-03-12,70.00,70.20,65.30,65.60,189353
2004-03-11,66.50,68.70,65.30,68.20,208713
2004-03-10,68.50,68.80,65.40,67.00,494316
2004-03-09,66.80,70.50,66.80,70.50,276178
2004-03-08,70.00,70.30,68.80,69.30,310410
2004-03-05,69.50,69.50,67.50,69.44,278698
2004-03-04,69.30,71.00,66.50,67.00,553366
2004-03-03,67.00,67.30,64.80,65.40,337912
2004-03-02,65.30,66.00,64.10,65.00,250390
2004-03-01,65.00,65.00,62.50,64.50,160970
2004-02-27,63.80,65.80,63.00,65.00,318187
2004-02-26,64.80,65.40,62.50,63.00,598091
2004-02-25,62.50,63.40,60.90,62.20,516342
2004-02-24,61.00,61.50,59.90,61.00,512101
2004-02-23,59.90,60.30,59.50,59.90,182633
2004-02-20,59.90,61.00,59.30,60.00,186302
2004-02-19,60.00,61.40,59.10,59.70,304286
2004-02-18,59.70,62.00,59.50,62.00,171073
2004-02-17,60.10,60.60,59.20,60.00,203194
2004-02-13,59.70,59.90,59.20,59.80,78866
2004-02-12,59.70,60.00,58.10,58.10,89255
2004-02-11,60.00,60.00,58.60,59.60,231832
2004-02-10,59.50,60.00,57.90,57.90,88830
2004-02-09,58.40,60.00,58.10,58.80,68180
2004-02-06,58.80,59.80,57.70,58.60,200086
2004-02-05,59.60,60.10,58.30,58.30,147382
2004-02-04,58.50,60.80,58.50,59.70,136532
2004-02-03,60.00,61.00,59.10,59.90,243228
2004-02-02,60.00,60.00,59.00,60.00,177710
2004-01-30,59.80,60.00,58.50,59.50,149566
2004-01-29,58.80,60.00,57.80,59.50,361932
2004-01-28,59.70,60.00,58.60,59.90,131089
2004-01-27,60.00,60.40,58.50,60.40,80021
2004-01-26,59.70,60.70,58.20,59.00,150697
2004-01-23,60.00,60.00,56.80,58.40,258663
2004-01-22,58.30,61.00,57.00,60.20,238880
2004-01-21,60.00,61.00,59.30,60.50,366664
2004-01-20,60.00,61.00,59.60,60.05,707800
2004-01-16,60.00,61.00,60.00,60.15,123328
2004-01-15,60.20,60.80,59.80,60.50,121747
2004-01-14,60.10,63.00,59.50,62.00,295118
2004-01-13,61.30,61.30,59.90,60.30,108918
2004-01-12,60.00,62.30,59.50,61.90,250857
2004-01-09,60.80,64.00,60.20,62.00,696215
2004-01-08,61.40,62.00,60.40,61.50,179936
2004-01-07,61.30,61.60,58.20,61.00,275239
2004-01-06,59.50,63.50,59.00,62.50,489542
2004-01-05,63.90,64.40,62.70,64.10,135651
2004-01-02,64.10,64.30,62.00,62.00,204484
2003-12-31,62.00,65.60,61.70,65.15,2015520
2003-12-30,65.20,68.50,64.60,68.00,93318
2003-12-29,68.10,68.90,67.80,68.10,79829
2003-12-26,67.80,69.00,67.80,68.30,29810
2003-12-24,68.10,68.20,66.60,67.50,16627
2003-12-23,67.20,68.20,66.45,66.70,39738
2003-12-22,67.10,67.30,65.50,65.50,56017
2003-12-19,65.90,67.70,65.20,67.20,59847
2003-12-18,65.30,67.50,65.20,67.10,35244
2003-12-17,67.10,67.10,64.80,66.00,24168
2003-12-16,66.00,66.30,64.00,64.50,48266
2003-12-15,66.00,66.60,63.80,65.50,61930
2003-12-12,65.50,66.60,62.90,64.30,487575
2003-12-11,65.40,66.10,64.00,64.00,21163
2003-12-10,65.50,67.20,62.30,67.20,126400
2003-12-09,66.50,67.40,66.00,67.35,40670
2003-12-08,67.60,67.80,66.00,66.00,50416
2003-12-05,67.10,67.40,65.50,66.40,36860
2003-12-04,66.30,67.30,66.00,66.10,45021
2003-12-03,66.90,70.40,66.00,70.00,56509
2003-12-02,70.00,70.00,68.10,68.80,34635
2003-12-01,68.50,70.00,67.90,68.50,40148
2003-11-28,68.30,70.40,66.10,66.10,73033
2003-11-26,66.00,66.40,63.90,65.20,66727
2003-11-25,65.50,65.60,63.40,63.40,174661
2003-11-24,64.90,65.30,62.80,63.00,132501
2003-11-21,62.70,66.10,62.70,65.10,687004
2003-11-20,65.10,66.00,64.70,65.00,91671
2003-11-19,65.40,66.60,65.00,65.20,62850
2003-11-18,66.00,66.60,66.00,66.00,78193
2003-11-17,66.00,68.10,65.60,67.60,175653
2003-11-14,68.00,76.40,67.80,75.80,206833
2003-11-13,75.30,76.70,74.30,76.40,41654
2003-11-12,76.40,77.00,74.70,75.00,99120
2003-11-11,74.70,75.70,74.00,74.00,32771
2003-11-10,73.70,74.90,73.10,74.90,47511
2003-11-07,74.29,76.50,73.90,76.00,25264
2003-11-06,75.90,76.10,74.10,75.90,21385
2003-11-05,75.50,76.00,72.80,74.70,24273
2003-11-04,74.70,77.20,71.20,72.50,155221
2003-11-03,71.81,73.20,71.20,71.80,49490
2003-10-31,71.60,73.90,71.60,72.80,55151
2003-10-30,72.50,75.00,71.90,72.70,83763
2003-10-29,73.20,74.70,72.11,72.60,41930
2003-10-28,74.50,77.00,73.40,75.25,39471
2003-10-27,75.59,78.50,75.00,76.30,43047
2003-10-24,76.50,76.80,74.90,75.90,44398
2003-10-23,76.80,79.00,75.50,75.99,65778
2003-10-22,75.00,78.50,75.00,77.50,76018
2003-10-21,77.60,80.00,76.00,76.50,43112
2003-10-20,76.50,78.20,76.00,78.20,59117
2003-10-17,77.50,78.19,77.00,77.40,29500
2003-10-16,77.50,79.00,75.30,77.70,69744
2003-10-15,78.10,80.70,77.50,79.70,38938
2003-10-14,79.30,79.80,78.30,78.40,30469
2003-10-13,78.20,80.80,77.50,79.60,68336
2003-10-10,80.89,83.60,79.50,83.50,41537
2003-10-09,83.00,84.20,79.10,80.70,102077
2003-10-08,81.50,85.70,81.00,85.70,95884
2003-10-07,85.40,85.50,82.10,82.10,42519
2003-10-06,83.50,84.00,80.90,80.90,40125
2003-10-03,82.00,82.00,80.90,81.90,59212
2003-10-02,82.00,82.50,78.70,78.70,111456
2003-10-01,78.30,78.50,72.10,73.80,72448
2003-09-30,72.00,74.00,72.00,73.90,40211
2003-09-29,72.70,73.50,72.00,72.90,65517
2003-09-26,72.50,75.10,70.50,75.10,94211
2003-09-25,74.50,74.70,70.50,73.30,131599
2003-09-24,72.10,76.00,72.00,75.40,54516
2003-09-23,75.30,77.00,71.60,72.30,110709
2003-09-22,72.00,73.29,71.50,72.30,27147
2003-09-19,73.60,74.30,71.10,73.60,120440
2003-09-18,73.30,74.70,71.90,72.10,179188
2003-09-17,71.41,73.40,70.00,72.00,108300
2003-09-16,72.00,72.40,70.10,71.10,55849
2003-09-15,72.30,72.30,67.40,67.40,227249
2003-09-12,68.00,68.50,67.10,68.50,107593
2003-09-11,68.50,70.00,68.50,69.40,108193
2003-09-10,69.40,70.70,69.40,69.50,50630
2003-09-09,69.80,70.00,69.55,69.55,22571
2003-09-08,69.80,70.50,69.20,70.00,36903
2003-09-05,69.40,70.00,69.00,69.00,15777
2003-09-04,70.00,70.00,68.90,70.00,21152
2003-09-03,69.40,70.00,69.00,70.00,14187
2003-09-02,70.00,70.10,69.00,70.00,50409
2003-08-29,69.40,71.30,69.40,71.30,16673
2003-08-28,70.30,71.40,69.30,69.90,41000
2003-08-27,70.00,70.00,68.00,68.00,35252
2003-08-26,68.00,68.60,68.00,68.60,57400
2003-08-25,69.00,69.10,67.60,68.55,27438
2003-08-22,68.00,70.00,68.00,70.00,65725
2003-08-21,69.90,70.00,69.10,69.90,27416
2003-08-20,69.60,70.00,68.80,69.01,28647
2003-08-19,69.10,70.00,68.30,70.00,55901
2003-08-18,69.00,69.70,68.60,69.60,79582
2003-08-15,69.70,70.10,68.70,68.70,18700
2003-08-14,70.00,70.00,68.80,69.20,77806
2003-08-13,69.10,70.05,68.70,70.00,93191
2003-08-12,70.10,70.10,68.50,69.25,73233
2003-08-11,69.30,69.90,68.60,69.10,22293
2003-08-08,69.30,70.00,68.10,69.00,43900
2003-08-07,69.00,70.00,67.00,68.70,42163
2003-08-06,69.00,70.00,68.90,69.10,84601
2003-08-05,69.00,71.20,69.00,71.00,125840
2003-08-04,70.90,72.70,70.80,72.30,51005
2003-08-01,72.70,75.00,72.50,74.55,27000
2003-07-31,75.40,76.10,74.60,76.10,128308
2003-07-30,75.30,77.40,74.80,76.70,239822
2003-07-29,76.70,76.70,74.30,74.60,68382
2003-07-28,74.50,74.50,70.20,70.90,91832
2003-07-25,70.90,70.90,69.00,69.00,29104
2003-07-24,69.00,70.00,69.00,70.00,32100
2003-07-23,69.50,70.40,68.99,69.00,17050
2003-07-22,70.00,70.50,69.10,70.00,45800
2003-07-21,69.90,71.00,68.20,68.50,48548
2003-07-18,69.00,69.20,68.50,69.00,25400
2003-07-17,69.00,71.00,69.00,70.45,70400
2003-07-16,70.30,72.20,69.20,72.00,35761
2003-07-15,72.90,73.00,72.00,72.50,42300
2003-07-14,72.50,74.00,71.90,73.80,57326
2003-07-11,73.30,74.20,72.50,73.70,46406
2003-07-10,73.00,74.90,72.70,73.45,59676
2003-07-09,74.10,74.50,70.10,72.00,103041
2003-07-08,72.00,73.30,69.90,70.30,119895
2003-07-07,70.30,70.30,68.70,69.10,129711
2003-07-03,67.70,69.30,66.30,66.30,30900
2003-07-02,67.30,68.00,66.50,67.40,81580
2003-07-01,67.30,67.30,65.00,66.00,87421
2003-06-30,66.70,68.50,65.80,68.50,193921
2003-06-27,67.60,69.80,66.60,67.20,64047
2003-06-26,68.59,69.50,67.00,68.50,51539
2003-06-25,67.71,70.50,66.50,67.40,97600
2003-06-24,67.20,67.56,65.60,66.00,165584
2003-06-23,65.70,69.70,65.30,69.60,166654
2003-06-20,71.90,72.10,67.10,67.10,94704
2003-06-19,67.60,71.50,66.10,69.50,156903
2003-06-18,69.40,71.40,69.40,69.70,110800
2003-06-17,69.80,70.00,69.00,69.50,48455
2003-06-16,70.00,71.90,69.00,71.50,119000
2003-06-13,72.00,73.80,70.20,71.60,100800
2003-06-12,71.70,74.30,71.10,72.20,111581
2003-06-11,72.00,73.90,71.40,72.50,245508
2003-06-10,72.90,74.30,72.00,72.69,88584
2003-06-09,72.50,73.60,70.30,71.30,138836
2003-06-06,71.30,83.60,71.00,77.40,302967
2003-06-05,75.50,79.00,74.70,75.70,571036
2003-06-04,75.10,77.50,75.10,75.50,149992
2003-06-03,75.00,78.50,73.70,73.90,243960
2003-06-02,73.00,76.00,68.20,70.00,550156
2003-05-30,70.10,70.50,68.90,68.90,90109
2003-05-29,68.50,71.00,68.50,69.50,80444
2003-05-28,69.30,69.90,68.10,69.20,78300
2003-05-27,69.00,69.20,68.50,68.50,137200
2003-05-23,66.80,68.20,66.80,67.00,96000
2003-05-22,66.60,67.40,66.00,66.50,34408
2003-05-21,67.20,67.30,66.00,66.20,14200
2003-05-20,66.50,67.00,65.50,65.50,74300
2003-05-19,65.50,66.60,64.50,65.50,140100
2003-05-16,64.30,68.30,64.30,67.50,188323
2003-05-15,67.00,67.10,65.60,65.80,36045
2003-05-14,66.30,67.60,65.90,67.60,44300
2003-05-13,66.60,68.00,66.30,68.00,34330
2003-05-12,67.70,68.10,66.10,66.10,15991
2003-05-09,66.90,70.00,66.20,69.00,174418
2003-05-08,68.00,70.00,67.50,69.50,42200
2003-05-07,68.00,68.80,67.20,67.20,49400
2003-05-06,68.50,69.80,66.40,67.70,84700
2003-05-05,67.80,70.00,66.70,66.70,74306
2003-05-02,67.40,67.80,65.50,65.50,36500
2003-05-01,65.50,66.30,63.40,64.40,31600
2003-04-30,64.80,67.00,63.90,67.00,50150
2003-04-29,66.90,69.00,66.30,67.20,64950
2003-04-28,68.10,68.50,64.00,64.50,40691
2003-04-25,65.00,67.10,65.00,65.50,20163
2003-04-24,66.80,67.70,63.10,66.50,76155
2003-04-23,67.60,69.40,65.30,68.40,49660
2003-04-22,68.60,68.70,61.90,61.90,78800
2003-04-21,63.19,63.80,60.90,61.50,23333
2003-04-17,62.50,64.00,60.70,61.80,24500
2003-04-16,61.60,63.70,60.00,63.60,82000
2003-04-15,62.90,63.80,60.80,62.70,33600
2003-04-14,61.49,63.00,60.90,62.70,50000
2003-04-11,62.60,66.30,62.30,66.10,39270
2003-04-10,66.40,68.70,65.70,67.80,29000
2003-04-09,67.30,69.00,67.30,68.00,48000
2003-04-08,68.00,68.00,67.50,67.80,26900
2003-04-07,67.70,72.00,67.70,68.60,68319
2003-04-04,68.50,71.30,68.00,71.00,104700
2003-04-03,71.30,72.00,69.40,69.50,70800
2003-04-02,69.00,70.60,67.80,70.00,108066
2003-04-01,68.30,68.70,65.60,66.50,55325
2003-03-31,65.80,69.00,65.80,67.00,31747
2003-03-28,68.50,69.10,67.20,67.40,23595
2003-03-27,67.90,69.00,66.20,66.50,41058
2003-03-26,67.80,68.30,66.80,68.30,34290
2003-03-25,67.50,70.00,67.50,69.00,119330
2003-03-24,69.10,71.40,68.20,69.80,77916
2003-03-21,70.10,70.90,66.90,67.60,391927
2003-03-20,67.50,67.60,64.10,64.70,67700
2003-03-19,66.20,66.30,64.50,64.50,63000
2003-03-18,65.30,65.50,63.50,64.50,75399
2003-03-17,65.00,66.00,63.40,64.40,65017
2003-03-14,63.20,64.70,62.70,64.50,25500
2003-03-13,64.20,65.00,63.50,63.50,31335
2003-03-12,64.10,64.40,63.80,64.40,14905
2003-03-11,64.90,66.00,64.31,65.90,36780
2003-03-10,66.60,67.30,64.50,65.40,47190
2003-03-07,65.30,67.40,62.50,63.50,67600
2003-03-06,63.80,64.01,62.60,62.90,38000
2003-03-05,63.00,64.30,62.10,64.30,25500
2003-03-04,63.50,64.60,63.20,64.00,18300
2003-03-03,62.89,65.90,62.30,64.50,33020
2003-02-28,65.00,66.80,65.00,66.60,25814
2003-02-27,66.70,68.50,63.61,68.00,96462
2003-02-26,68.30,68.50,66.30,66.40,10600
2003-02-25,67.30,68.60,65.00,65.90,36973
2003-02-24,65.10,68.51,65.10,67.50,23400
2003-02-21,68.70,70.00,67.20,68.40,30491
2003-02-20,68.70,68.70,67.00,67.50,32600
2003-02-19,66.80,67.50,65.20,65.60,18652
2003-02-18,65.40,65.50,63.50,63.50,20200
2003-02-14,64.30,64.80,63.40,63.95,32034
2003-02-13,63.85,64.50,63.20,63.85,29846
2003-02-12,63.80,64.70,63.60,63.75,23300
2003-02-11,64.10,65.20,63.90,64.40,23200
2003-02-10,65.20,65.30,63.80,64.00,32776
2003-02-07,64.00,65.50,63.60,63.73,41800
2003-02-06,64.89,65.00,64.00,65.00,21060
2003-02-05,64.90,65.80,64.70,64.70,48548
2003-02-04,65.30,65.30,64.40,64.90,43100
2003-02-03,64.90,65.45,64.70,65.45,32600
2003-01-31,65.00,65.80,63.50,63.80,25314
2003-01-30,64.20,65.70,64.00,65.70,56000
2003-01-29,65.00,65.50,63.10,63.60,24412
2003-01-28,64.00,65.00,62.00,62.00,75923
2003-01-27,63.00,64.20,62.60,63.50,40200
2003-01-24,64.00,65.50,63.50,64.50,47500
2003-01-23,65.50,65.90,63.00,63.50,91400
2003-01-22,64.10,66.40,61.10,63.50,193437
2003-01-21,64.40,68.10,62.70,63.60,65900
2003-01-17,64.30,65.10,63.80,64.00,35984
2003-01-16,64.40,65.00,63.50,63.50,49761
2003-01-15,64.70,64.70,61.80,64.60,84954
2003-01-14,65.40,65.40,62.60,62.60,25500
2003-01-13,63.20,63.70,62.90,63.00,29169
2003-01-10,64.30,65.50,61.70,62.30,25247
2003-01-09,63.00,64.40,62.50,63.00,27733
2003-01-08,62.80,65.50,61.40,65.50,51776
2003-01-07,66.50,67.40,64.90,65.00,35357
2003-01-06,65.90,68.20,63.50,65.00,39300
2003-01-03,64.60,66.50,63.70,66.50,40842
2003-01-02,66.50,66.50,64.50,64.50,33600
2002-12-31,65.10,68.60,64.70,66.20,87203
2002-12-30,67.50,69.39,65.00,67.10,104419
2002-12-27,67.10,68.49,65.60,67.20,38954
2002-12-26,67.10,68.90,66.50,67.60,27742
2002-12-24,68.50,69.50,66.70,68.40,52700
2002-12-23,69.00,70.80,68.60,69.20,79876
2002-12-20,70.80,72.00,69.50,70.00,66782
2002-12-19,70.00,70.50,69.40,70.00,47927
2002-12-18,69.60,70.50,69.40,69.60,25200
2002-12-17,70.10,71.00,69.50,70.80,38223
2002-12-16,71.30,71.30,68.10,69.00,55700
2002-12-13,69.90,72.50,69.70,71.10,54600
2002-12-12,71.10,71.50,68.70,71.00,23000
2002-12-11,70.90,71.40,68.50,68.50,29293
2002-12-10,70.90,71.40,68.50,68.50,33000
2002-12-09,69.60,71.50,68.70,68.90,130700
2002-12-06,69.31,71.70,66.50,66.50,45429
2002-12-05,68.50,71.60,66.50,68.10,103062
2002-12-04,68.50,70.40,68.10,68.10,42300
2002-12-03,68.40,71.80,66.50,66.60,110500
2002-12-02,68.00,68.00,66.00,67.20,53700
2002-11-29,66.50,71.50,66.20,69.10,40586
2002-11-27,70.29,71.60,65.60,65.60,55558
2002-11-26,67.20,68.70,65.00,65.70,227986
2002-11-25,66.80,67.80,65.10,65.10,118100
2002-11-22,65.60,66.90,65.00,66.10,47800
2002-11-21,66.00,71.30,65.10,66.70,148872
2002-11-20,65.60,67.50,65.00,65.70,166041
2002-11-19,65.10,67.40,65.10,65.10,55100
2002-11-18,63.90,71.20,63.90,68.70,145330
2002-11-15,70.19,71.30,62.50,66.80,110950
2002-11-14,68.50,68.90,58.30,65.50,123858
2002-11-13,67.50,71.10,66.00,67.00,118526
2002-11-12,69.30,69.80,64.50,67.50,72600
2002-11-11,67.10,73.10,65.90,71.10,120500
2002-11-08,72.50,74.50,70.30,71.80,155300
2002-11-07,73.20,74.50,69.40,71.20,112500
2002-11-06,73.10,74.40,68.50,69.30,94900
2002-11-05,70.10,73.40,68.21,73.40,43800
2002-11-04,73.00,74.90,68.90,70.80,153300
2002-11-01,70.60,73.50,67.10,68.40,109500
2002-10-31,72.20,73.40,69.00,70.80,108100
2002-10-30,70.90,70.90,65.52,66.50,89000
2002-10-29,65.91,68.00,65.00,65.00,107500
2002-10-28,66.90,67.60,65.00,66.00,130200
2002-10-25,66.20,67.40,62.51,62.51,91700
2002-10-24,63.00,66.00,62.50,64.11,115200
2002-10-23,65.00,67.50,63.10,66.60,174800
2002-10-22,67.70,69.00,62.60,65.80,312200
2002-10-21,66.50,69.10,62.50,62.50,290200
2002-10-18,63.00,64.50,62.00,63.90,110200
2002-10-17,63.40,64.10,61.50,64.10,114900
2002-10-16,58.90,59.00,55.50,57.30,331400
2002-10-15,56.30,57.00,55.20,55.60,205300
2002-10-14,55.90,56.50,55.00,55.50,129800
2002-10-11,55.10,55.50,55.00,55.00,82100
2002-10-10,55.10,55.90,54.00,55.10,74700
2002-10-09,55.00,55.90,54.70,55.40,91000
2002-10-08,55.10,56.30,54.91,54.91,93300
2002-10-07,55.40,57.10,53.50,53.50,127500
2002-10-04,53.60,55.20,52.00,55.00,104400
2002-10-03,55.25,56.50,55.00,55.11,149200
2002-10-02,55.00,59.71,54.00,59.71,391200
2002-10-01,59.95,61.09,52.10,56.61,336300
2002-09-30,56.00,59.00,54.50,56.70,232900
2002-09-27,56.40,60.00,56.20,58.10,71100
2002-09-26,58.60,60.50,58.00,60.00,73900
2002-09-25,60.00,60.50,58.00,59.10,131900
2002-09-24,60.00,60.00,57.50,57.50,71500
2002-09-23,59.10,60.50,58.00,60.10,62600
2002-09-20,59.90,61.80,58.30,60.40,297500
2002-09-19,58.60,61.60,57.20,61.60,164600
2002-09-18,61.70,63.39,60.50,61.00,140900
2002-09-17,61.00,61.73,61.00,61.50,50700
2002-09-16,61.50,63.90,61.50,63.00,45400
2002-09-13,63.20,64.00,62.50,63.10,75100
2002-09-12,63.00,64.00,63.00,63.10,64600
2002-09-11,63.40,64.20,63.00,64.10,75500
2002-09-10,65.00,65.60,64.00,64.80,43100
2002-09-09,65.70,66.10,63.20,64.00,91300
2002-09-06,64.10,66.30,64.10,64.50,34100
2002-09-05,64.50,66.60,63.20,66.00,45600
2002-09-04,66.50,68.00,63.20,63.50,73400
2002-09-03,63.60,65.50,63.50,65.01,65700
2002-08-30,65.00,67.20,64.30,64.51,71100
2002-08-29,65.00,66.00,64.00,64.50,76900
2002-08-28,64.50,65.60,63.30,65.60,34900
2002-08-27,64.60,67.40,64.60,67.40,94900
2002-08-26,67.40,67.40,64.70,64.70,53000
2002-08-23,65.00,66.10,65.00,65.00,53300
2002-08-22,65.00,66.20,64.00,64.00,47100
2002-08-21,65.10,65.80,63.10,63.70,39000
2002-08-20,63.60,65.10,63.00,64.50,38100
2002-08-19,64.90,67.60,63.50,67.60,58600
2002-08-16,66.40,69.80,64.00,66.50,42100
2002-08-15,67.00,77.00,65.10,73.00,81800
2002-08-14,72.70,72.70,63.00,63.80,83700
2002-08-13,63.70,69.80,63.60,69.80,54100
2002-08-12,69.50,69.70,63.50,67.49,48100
2002-08-09,65.90,70.50,64.80,68.90,72200
2002-08-08,68.50,69.30,62.10,62.10,87900
2002-08-07,62.51,67.60,62.00,64.50,76700
2002-08-06,64.60,65.50,61.00,61.00,87800
2002-08-05,61.00,64.10,60.61,60.61,39700
2002-08-02,61.65,65.40,60.50,62.90,93600
2002-08-01,63.00,66.10,63.00,63.10,53600
2002-07-31,64.80,69.50,63.60,67.30,81400
2002-07-30,67.60,70.00,63.50,63.50,197700
2002-07-29,65.00,68.70,60.60,61.20,92400
2002-07-26,63.40,65.78,60.50,63.00,83200
2002-07-25,62.80,67.70,59.50,61.00,128400
2002-07-24,61.90,64.50,57.70,64.50,264300
2002-07-23,65.50,70.50,61.60,67.00,80800
2002-07-22,66.80,67.90,62.50,66.60,109400
2002-07-19,67.70,72.60,66.50,72.60,74600
2002-07-18,72.40,77.00,72.00,77.00,92400
2002-07-17,75.60,77.50,73.69,73.90,84300
2002-07-16,74.00,76.30,71.50,72.60,93700
2002-07-15,74.50,74.50,69.60,72.20,94000
2002-07-12,72.50,75.00,72.40,73.30,63600
2002-07-11,72.80,72.80,67.80,69.10,103000
2002-07-10,69.20,73.00,67.50,73.00,70800
2002-07-09,72.50,72.50,66.40,66.80,69200
2002-07-08,66.80,73.20,66.80,69.40,88600
2002-07-05,69.40,71.00,67.80,69.10,67600
2002-07-03,70.00,73.50,67.80,72.50,80900
2002-07-02,73.60,75.10,69.70,75.10,83500
2002-07-01,77.20,83.70,70.30,83.00,201500
2002-06-28,84.00,85.00,75.00,76.00,393300
2002-06-27,76.50,78.40,72.40,72.50,133100
2002-06-26,71.40,72.80,66.90,71.00,168700
2002-06-25,71.10,73.40,67.10,67.10,134400
2002-06-24,68.00,70.00,62.50,62.50,69000
2002-06-21,63.10,66.00,62.60,64.70,71600
2002-06-20,63.60,65.99,63.00,63.00,227000
2002-06-19,64.10,65.50,61.80,62.20,270400
2002-06-18,62.10,65.10,62.00,62.90,109200
2002-06-17,64.00,65.50,61.90,63.10,146100
2002-06-14,64.20,65.30,59.50,62.50,157900
2002-06-13,62.70,65.50,62.60,63.70,132900
2002-06-12,64.50,68.80,63.10,66.20,96700
2002-06-11,66.20,69.00,65.00,69.00,205500
2002-06-10,69.50,72.80,69.00,71.10,119700
2002-06-07,71.50,73.90,69.80,71.70,172000
2002-06-06,71.60,78.90,71.00,78.20,105200
2002-06-05,78.30,78.40,74.51,77.20,36300
2002-06-04,76.70,77.00,72.60,73.50,74600
2002-06-03,74.99,77.50,72.90,77.50,103100
2002-05-31,77.30,79.30,74.10,76.00,102300
2002-05-30,77.40,77.60,74.65,74.65,98900
2002-05-29,74.50,78.50,74.00,77.10,110000
2002-05-28,77.80,77.90,74.20,76.00,149600
2002-05-24,73.90,77.60,73.60,77.60,174800
2002-05-23,77.50,77.50,74.50,76.29,274700
2002-05-22,75.00,76.90,74.60,74.60,120600
2002-05-21,74.84,76.00,74.40,75.00,64900
2002-05-20,75.00,79.30,73.90,79.30,72300
2002-05-17,76.50,80.50,75.50,75.95,147500
2002-05-16,76.44,80.10,75.20,80.00,212900
2002-05-15,79.00,80.60,78.20,79.00,153300
2002-05-14,79.00,80.59,77.40,77.40,113500
2002-05-13,77.00,78.00,76.30,77.00,178100
2002-05-10,76.60,79.40,75.77,76.50,396500
2002-05-09,76.70,79.80,76.10,78.10,86600
2002-05-08,78.50,79.90,76.80,77.50,115800
2002-05-07,76.20,79.00,76.10,77.80,349100
2002-05-06,77.60,82.10,77.20,82.10,162600
2002-05-03,82.50,82.50,77.80,78.90,383400
2002-05-02,79.60,80.50,78.60,78.60,327200
2002-05-01,79.10,81.80,78.50,81.60,1409400
2002-04-30,81.50,83.00,78.70,79.40,258900
2002-04-29,79.00,82.00,78.00,80.00,810900
2002-04-26,80.54,81.50,79.10,80.50,767100
2002-04-25,81.99,86.10,76.60,86.10,2105900
2002-04-24,90.00,94.80,90.00,92.25,69900
2002-04-23,92.40,94.00,91.50,93.10,139700
2002-04-22,93.50,95.90,92.60,95.90,141700
2002-04-19,98.10,99.80,94.00,98.50,127000
2002-04-18,99.40,99.60,93.50,94.60,153900
2002-04-17,94.21,97.00,94.00,97.00,74000
2002-04-16,96.60,96.79,93.51,96.00,132600
2002-04-15,94.90,96.10,93.50,94.90,66000
2002-04-12,95.00,96.42,93.50,93.60,283200
2002-04-11,93.40,95.20,93.20,94.80,86300
2002-04-10,95.80,96.70,92.90,94.00,404600
2002-04-09,94.00,96.60,94.00,96.20,92100
2002-04-08,96.20,96.50,92.20,93.20,167600
2002-04-05,93.00,98.40,93.00,96.00,100800
2002-04-04,95.30,99.50,93.60,96.30,208400
2002-04-03,96.40,97.70,94.30,94.40,176500
2002-04-02,94.50,98.31,94.40,98.31,117400
2002-04-01,98.40,98.40,95.20,97.70,94000
2002-03-28,99.60,100.10,96.20,100.10,198000
2002-03-27,98.50,99.70,97.00,97.00,130400
2002-03-26,97.50,99.70,97.00,97.45,124200
2002-03-25,97.20,101.10,97.00,99.30,165800
2002-03-22,101.20,103.40,100.70,102.75,70100
2002-03-21,103.50,104.00,98.90,98.90,271800
2002-03-20,98.89,101.50,98.80,101.10,93800
2002-03-19,101.00,101.50,99.10,101.00,105000
2002-03-18,101.00,102.40,100.50,102.30,136900
2002-03-15,102.40,102.50,99.70,100.10,327700
2002-03-14,100.80,102.40,100.40,102.40,292300
2002-03-13,102.60,103.00,100.50,101.40,218000
2002-03-12,101.40,102.30,100.00,102.20,298000
2002-03-11,101.90,102.90,101.00,102.40,171200
2002-03-08,104.60,105.30,100.00,104.30,90200
2002-03-07,105.40,107.40,104.40,107.30,238500
2002-03-06,107.20,107.40,100.10,100.10,186400
2002-03-05,100.40,103.50,99.50,100.20,139200
2002-03-04,100.00,100.30,97.50,97.50,124100
2002-03-01,99.10,99.10,95.50,96.50,197000
2002-02-28,96.70,99.00,94.60,96.00,457300
2002-02-27,97.60,101.00,96.60,100.00,508100
2002-02-26,103.90,103.90,97.20,98.95,292700
2002-02-25,99.00,100.00,96.00,99.10,506800
2002-02-22,99.00,99.20,96.50,99.00,368000
2002-02-21,99.10,100.59,99.00,100.50,355300
2002-02-20,101.30,101.30,97.80,100.00,322100
2002-02-19,99.60,103.20,99.10,103.20,161400
2002-02-15,103.00,103.70,100.40,100.49,58600
2002-02-14,100.79,106.50,100.00,100.00,407400
2002-02-13,100.30,104.20,100.00,104.00,128500
2002-02-12,104.00,104.30,99.70,100.00,227700
2002-02-11,99.90,102.50,99.50,100.50,157700
2002-02-08,100.50,101.60,99.60,101.40,298300
2002-02-07,101.60,102.00,99.50,100.60,431900
2002-02-06,101.00,104.00,100.50,102.70,154300
2002-02-05,102.80,106.00,101.50,101.50,237300
2002-02-04,102.10,108.00,101.60,107.20,209400
2002-02-01,107.60,107.60,102.20,103.50,197100
2002-01-31,102.50,108.50,101.30,105.80,847800
2002-01-30,105.70,106.00,100.50,104.10,264500
2002-01-29,103.10,103.50,100.50,100.50,269400
2002-01-28,100.90,104.49,100.50,103.10,161000
2002-01-25,105.20,107.50,100.61,105.50,186400
2002-01-24,105.30,111.00,103.00,107.00,252800
2002-01-23,107.10,107.10,102.50,105.40,670800
2002-01-22,105.40,109.40,104.40,109.40,304500
2002-01-18,104.60,112.50,99.00,104.60,1968200
2002-01-17,118.00,119.80,113.00,118.50,453900
2002-01-16,117.70,122.50,113.00,121.90,374300
2002-01-15,122.50,123.10,120.60,122.35,723200
2002-01-14,122.20,123.50,121.40,121.60,166800
2002-01-11,122.20,124.00,121.20,122.50,295400
2002-01-10,122.50,123.50,121.00,121.60,192000
2002-01-09,122.70,124.40,121.00,121.50,229500
2002-01-08,123.20,123.60,118.50,120.00,235900
2002-01-07,122.50,124.00,121.90,124.00,338300
2002-01-04,122.90,124.70,122.30,124.00,199400
2002-01-03,123.00,125.00,119.60,121.90,208700
2002-01-02,121.70,127.90,117.50,120.00,211700
2001-12-31,120.30,126.70,119.00,125.00,203500
2001-12-28,126.50,126.50,120.90,125.00,125600
2001-12-27,123.60,130.00,122.50,124.50,123800
2001-12-26,125.50,126.40,122.10,123.00,95600
2001-12-24,121.30,125.50,120.90,124.20,100200
2001-12-21,124.00,124.50,118.30,120.10,165500
2001-12-20,120.00,121.50,114.70,115.00,155900
2001-12-19,113.70,119.10,113.30,119.10,203200
2001-12-18,116.50,121.90,115.90,119.30,148900
2001-12-17,118.20,118.20,112.10,114.00,217500
2001-12-14,111.50,116.40,111.00,114.50,515600
2001-12-13,114.50,119.50,111.30,113.00,222200
2001-12-12,113.20,120.40,112.60,118.80,343000
2001-12-11,118.80,122.80,117.50,122.50,155500
2001-12-10,120.10,130.20,120.00,126.50,292900
2001-12-07,128.00,128.50,120.20,120.20,404800
2001-12-06,118.50,119.20,114.90,115.90,262400
2001-12-05,113.70,115.50,113.40,113.70,294600
2001-12-04,113.80,114.00,109.90,110.00,262700
2001-12-03,109.60,112.50,109.50,112.00,186200
2001-11-30,110.80,112.00,109.00,111.50,255100
2001-11-29,110.40,111.60,107.60,109.50,537400
2001-11-28,109.00,110.50,107.10,110.40,467300
2001-11-27,110.50,114.40,108.00,113.90,353600
2001-11-26,112.00,117.00,110.50,114.20,443400
2001-11-23,113.50,115.00,111.40,111.70,51800
2001-11-21,112.20,115.80,110.90,111.90,180800
2001-11-20,110.00,113.80,105.70,108.70,614900
2001-11-19,108.00,108.50,102.80,103.60,439600
2001-11-16,102.00,103.50,98.80,101.80,560300
2001-11-15,97.60,102.10,97.50,101.50,184400
2001-11-14,100.00,101.50,92.50,100.30,442600
2001-11-13,97.30,101.00,95.50,97.00,530100
2001-11-12,94.00,100.00,87.70,99.50,729400
2001-11-09,99.00,104.00,98.00,101.20,365300
2001-11-08,103.60,106.70,100.00,102.50,467900
2001-11-07,103.20,103.20,96.60,97.40,297000
2001-11-06,99.00,103.60,93.60,103.50,349500
2001-11-05,103.60,105.00,100.00,101.50,201700
2001-11-02,100.80,108.80,99.00,104.60,246200
2001-11-01,105.00,110.50,98.00,110.00,1228200
2001-10-31,113.00,121.00,111.10,113.10,284500
2001-10-30,115.20,115.20,101.70,106.50,335800
2001-10-29,106.50,118.70,106.50,118.60,151900
2001-10-26,114.30,119.00,114.30,117.70,169900
2001-10-25,117.60,117.60,108.30,114.70,204600
2001-10-24,112.50,115.50,110.00,111.10,145000
2001-10-23,107.00,111.20,107.00,108.90,233100
2001-10-22,107.00,109.00,99.90,101.20,350900
2001-10-19,100.20,101.40,90.60,100.90,389700
2001-10-18,100.40,101.00,97.20,100.00,189900
2001-10-17,99.50,107.50,99.00,104.55,391400
2001-10-16,104.60,108.80,104.60,108.80,178900
2001-10-15,108.70,110.00,106.30,109.90,304900
2001-10-12,107.50,115.00,104.00,114.00,283300
2001-10-11,112.90,112.90,107.40,110.00,367800
2001-10-10,106.00,109.00,103.50,105.50,411600
2001-10-09,105.20,107.80,103.00,106.60,163600
2001-10-08,106.60,109.40,104.00,109.00,232600
2001-10-05,109.80,111.10,103.30,110.60,519700
2001-10-04,110.30,110.80,107.80,110.50,116600
2001-10-03,110.20,110.40,105.00,109.50,168600
2001-10-02,109.20,109.90,105.10,109.90,169000
2001-10-01,108.30,112.80,104.50,110.00,320100
2001-09-28,110.00,112.50,100.00,101.50,435200
2001-09-27,102.40,102.40,86.50,90.50,1363500
2001-09-26,90.50,95.90,89.00,92.80,301700
2001-09-25,91.30,100.50,90.10,97.50,479400
2001-09-24,98.90,100.00,91.50,94.20,246500
2001-09-21,92.20,94.00,88.20,90.00,838300
2001-09-20,90.30,91.00,88.70,90.40,802100
2001-09-19,90.00,94.00,89.00,94.00,800500
2001-09-18,91.50,100.00,88.50,99.00,885400
2001-09-17,91.40,114.80,90.00,114.70,1278600
2001-09-10,111.10,120.60,109.90,120.00,338700
2001-09-07,118.00,121.90,110.00,111.00,666200
2001-09-06,116.50,123.00,101.00,102.50,2175500
2001-09-05,126.20,128.00,115.50,126.00,1704700
2001-09-04,125.80,145.50,125.10,145.50,815400
2001-08-31,142.00,153.00,142.00,153.00,623100
2001-08-30,153.50,162.50,148.50,162.50,128300
2001-08-29,161.00,165.00,160.00,161.80,87700
2001-08-28,162.00,174.20,160.20,174.10,123400
2001-08-27,173.70,175.50,169.50,174.50,206300
2001-08-24,174.50,178.50,158.80,161.50,593500
2001-08-23,159.60,175.00,154.40,174.00,1426800
2001-08-22,173.70,186.80,173.50,183.10,317800
2001-08-21,181.50,191.50,181.00,191.50,195000
2001-08-20,190.20,191.90,185.10,191.80,670000
2001-08-17,183.20,186.90,175.50,182.00,594500
2001-08-16,180.50,190.60,180.00,188.00,699900
2001-08-15,189.30,190.60,187.00,190.60,300100
2001-08-14,189.00,194.50,187.50,194.50,130800
2001-08-13,192.70,200.50,190.80,196.50,207600
2001-08-10,192.50,195.00,184.50,189.10,290300
2001-08-09,187.10,197.00,182.10,192.00,496800
2001-08-08,196.10,200.00,191.00,198.50,223900
2001-08-07,197.90,205.50,192.00,203.40,601000
2001-08-06,203.50,212.50,200.00,205.50,420600
2001-08-03,204.10,222.00,204.00,222.00,515300
2001-08-02,221.80,237.90,218.50,232.50,570300
2001-08-01,235.60,258.60,225.00,250.60,347300
2001-07-31,255.80,258.10,248.30,250.60,252500
2001-07-30,250.00,252.80,245.00,252.80,244500
2001-07-27,250.50,252.90,237.50,237.60,595400
2001-07-26,237.00,247.40,237.00,241.10,155000
2001-07-25,243.60,247.00,240.00,241.00,427700
2001-07-24,246.00,271.00,230.10,237.50,3688100
2001-07-23,320.00,321.00,315.50,319.50,202400
2001-07-20,320.00,323.00,317.70,317.70,144100
2001-07-19,317.60,342.00,317.60,341.40,313800
2001-07-18,340.00,343.50,321.00,321.00,436100
2001-07-17,319.80,322.00,300.70,316.90,745900
2001-07-16,317.00,330.50,315.50,329.50,206400
2001-07-13,330.00,330.00,321.00,321.00,350000
2001-07-12,323.00,323.00,315.10,319.80,231500
2001-07-11,314.90,320.50,313.00,320.40,136200
2001-07-10,321.00,338.50,308.50,337.50,477100
2001-07-09,338.00,353.50,334.50,349.90,501200
2001-07-06,354.70,354.90,325.10,340.00,340200
2001-07-05,335.40,343.50,321.60,343.50,345300
2001-07-03,339.80,350.00,337.50,337.60,207600
2001-07-02,337.90,342.50,309.40,310.60,446900
2001-06-29,304.90,331.00,286.10,320.80,912600
2001-06-28,317.50,330.00,314.00,322.50,278700
2001-06-27,320.20,322.80,316.00,319.90,358200
2001-06-26,316.50,322.90,302.90,309.50,773500
2001-06-25,301.50,312.60,300.00,312.50,355300
2001-06-22,301.10,311.00,287.00,301.00,2450400
2001-06-21,275.00,293.00,275.00,287.50,302600
2001-06-20,290.00,301.00,278.00,300.10,345400
2001-06-19,301.50,319.00,300.70,312.10,195200
2001-06-18,313.70,330.00,309.50,322.60,339300
2001-06-15,330.00,330.00,318.20,321.20,331300
2001-06-14,323.30,325.90,299.00,299.30,302700
2001-06-13,318.90,320.00,284.00,284.00,674800
2001-06-12,285.70,288.00,276.00,285.00,255400
2001-06-11,292.70,297.00,282.50,282.90,369400
2001-06-08,277.70,288.00,269.10,269.10,81300
2001-06-07,271.00,282.50,259.00,259.70,320000
2001-06-06,265.00,266.60,251.50,252.20,289100
2001-06-05,253.90,265.00,247.00,258.50,1134600
2001-06-04,265.00,285.50,256.00,258.40,241900
2001-06-01,259.00,263.40,254.00,256.20,167000
2001-05-31,255.00,270.50,249.00,262.00,285300
2001-05-30,262.00,266.50,259.00,261.00,361600
2001-05-29,269.50,301.80,261.40,300.00,125800
2001-05-25,299.00,301.80,299.00,299.90,280600
2001-05-24,300.00,301.80,291.00,299.50,214200
2001-05-23,302.00,305.00,298.10,303.20,254200
2001-05-22,302.50,306.80,288.20,301.20,381900
2001-05-21,299.60,301.00,287.00,300.40,321600
2001-05-18,303.00,303.40,275.60,300.00,634400
2001-05-17,307.00,313.00,274.40,275.10,493000
2001-05-16,272.00,272.00,249.00,254.50,204700
2001-05-15,254.50,257.50,239.60,242.20,223200
2001-05-14,245.50,260.50,229.70,259.50,220100
2001-05-11,261.00,270.70,240.00,240.90,389800
2001-05-10,239.00,250.00,217.00,218.10,150600
2001-05-09,220.00,220.50,199.90,200.00,109100
2001-05-08,203.00,203.00,199.90,200.00,40400
2001-05-07,200.10,203.00,199.90,200.00,16200
2001-05-04,202.50,203.00,199.90,200.00,41100
2001-05-03,200.20,203.00,199.00,201.00,152000
2001-05-02,204.40,204.50,198.50,198.50,792000
2001-05-01,206.40,217.50,199.50,200.20,108100
2001-04-30,199.40,200.50,196.50,197.10,248400
2001-04-27,197.40,198.00,196.40,196.40,41000
2001-04-26,195.40,196.50,191.00,195.40,29000
2001-04-25,192.00,194.00,189.10,192.00,18300
2001-04-24,191.50,193.00,185.00,187.40,81500
2001-04-23,188.50,192.70,187.00,192.70,17600
2001-04-20,192.60,198.00,191.60,197.40,28300
2001-04-19,197.20,200.50,194.60,200.50,84400
2001-04-18,198.50,202.50,197.50,200.10,501400
2001-04-17,200.50,200.50,197.50,200.00,24900
2001-04-16,199.90,200.00,190.50,192.50,38900
2001-04-12,191.10,192.70,182.00,182.10,127800
2001-04-11,181.20,200.50,179.50,200.50,54800
2001-04-10,195.00,213.20,191.00,213.20,62700
2001-04-09,213.40,217.70,210.00,215.00,299300
2001-04-06,211.25,215.00,197.50,198.10,69800
2001-04-05,198.75,198.75,178.75,180.00,35400
2001-04-04,177.50,187.50,171.25,184.40,75000
2001-04-03,178.75,183.75,172.50,176.30,53000
2001-04-02,177.19,182.50,171.25,173.80,148700
2001-03-30,178.13,195.00,175.00,195.00,142500
2001-03-29,191.25,200.00,186.25,186.30,13300
2001-03-28,189.38,190.00,185.00,186.30,16100
2001-03-27,189.38,190.00,185.00,185.00,83000
2001-03-26,188.13,200.00,180.00,197.50,230700
2001-03-23,200.00,200.00,190.63,197.50,9200
2001-03-22,197.50,197.50,177.50,185.00,260600
2001-03-21,189.38,200.00,187.50,191.30,74100
2001-03-20,195.00,210.00,185.00,185.00,24400
2001-03-19,185.00,185.00,178.75,179.40,67600
2001-03-16,180.63,182.50,180.00,182.50,7300
2001-03-15,181.25,183.75,175.63,181.90,388700
2001-03-14,181.25,195.00,177.50,195.00,462300
2001-03-13,202.50,215.00,202.50,213.80,84800
2001-03-12,215.63,226.88,213.75,226.30,66800
2001-03-09,226.25,236.88,225.00,236.88,25000
2001-03-08,235.00,241.88,233.75,240.00,211400
2001-03-07,241.25,245.00,241.25,242.50,257700
2001-03-06,245.63,250.00,241.25,248.80,22500
2001-03-05,246.25,248.75,243.75,248.75,59300
2001-03-02,242.50,246.88,230.00,231.90,19000
2001-03-01,230.00,234.38,222.50,223.10,47500
2001-02-28,223.75,227.50,223.75,227.50,21500
2001-02-27,227.50,230.94,223.75,230.90,10100
2001-02-26,230.00,230.00,220.00,222.50,31500
2001-02-23,220.00,222.50,208.75,210.00,94900
2001-02-22,225.63,226.25,221.88,226.25,130700
2001-02-21,228.75,228.75,221.25,223.80,92400
2001-02-20,225.00,237.50,218.75,237.50,65500
2001-02-16,237.50,238.75,213.75,236.90,65400
2001-02-15,236.25,243.75,235.63,243.75,269400
2001-02-14,244.38,245.00,237.50,240.00,185600
2001-02-13,240.00,258.75,238.75,240.00,104900
2001-02-12,238.75,240.00,237.50,238.80,52800
2001-02-09,238.13,250.63,236.88,250.60,88800
2001-02-08,253.13,257.50,238.75,239.40,104300
2001-02-07,243.75,251.25,238.75,238.80,100200
2001-02-06,241.25,243.75,227.50,230.60,210500
2001-02-05,230.00,233.75,228.75,233.75,182400
2001-02-02,232.50,240.00,228.75,238.80,142700
2001-02-01,244.38,244.38,235.00,237.50,216500
2001-01-31,239.38,257.50,238.13,247.50,137900
2001-01-30,240.00,271.25,219.38,256.30,269600
2001-01-29,248.75,257.50,200.00,214.40,149000
2001-01-26,218.75,221.88,191.25,192.50,283500
2001-01-25,190.00,214.38,187.50,190.60,219400
2001-01-24,184.38,198.75,157.50,160.00,1303600
2001-01-23,161.25,170.00,153.13,160.60,173900
2001-01-22,159.38,168.13,158.75,167.50,187000
2001-01-19,163.75,167.50,161.88,165.30,247000
2001-01-18,161.25,163.75,148.75,161.30,316300
2001-01-17,160.00,166.88,156.88,160.00,157500
2001-01-16,160.00,170.63,135.00,135.60,426600
2001-01-12,133.75,140.00,126.25,135.00,40400
2001-01-11,140.00,140.00,128.75,129.10,39700
2001-01-10,123.75,140.00,115.63,115.63,321700
2001-01-09,118.13,130.00,116.25,118.10,230500
2001-01-08,117.50,140.00,116.88,138.80,348600
2001-01-05,131.25,140.00,127.50,136.90,549000
2001-01-04,128.75,133.75,125.63,133.40,426100
2001-01-03,126.25,138.75,120.00,138.10,307200
2001-01-02,141.25,158.13,141.25,158.10,97900
2000-12-29,155.00,158.75,147.50,150.60,199700
2000-12-28,148.13,170.00,140.00,140.00,111800
2000-12-27,140.63,146.25,140.00,146.25,330100
2000-12-26,140.63,146.88,140.00,146.88,76300
2000-12-22,141.25,155.63,136.25,150.00,239000
2000-12-21,150.00,150.00,147.50,148.80,160600
2000-12-20,150.00,159.38,142.50,159.38,113400
2000-12-19,158.75,169.38,156.25,169.38,161900
2000-12-18,169.38,175.63,161.88,171.30,169800
2000-12-15,171.56,173.75,168.75,173.75,20100
2000-12-14,173.75,175.00,167.50,167.50,46100
2000-12-13,170.00,178.13,167.50,177.80,309600
2000-12-12,171.25,187.50,160.00,187.50,297300
2000-12-11,187.50,206.25,187.50,200.60,131900
2000-12-08,192.50,200.00,191.25,197.50,181200
2000-12-07,195.00,217.50,190.00,215.00,69500
2000-12-06,218.75,234.38,217.50,234.10,158800
2000-12-05,233.75,241.25,233.75,241.25,61200
2000-12-04,241.25,241.25,233.75,235.00,51700
2000-12-01,235.00,251.25,195.00,200.00,222200
2000-11-30,195.00,206.25,178.75,205.00,215000
2000-11-29,205.00,227.50,200.00,226.30,295400
2000-11-28,223.75,253.75,217.50,253.75,117400
2000-11-27,247.50,260.00,235.00,260.00,209000
2000-11-24,253.75,265.00,240.00,265.00,31300
2000-11-22,260.00,300.00,255.63,299.40,135600
2000-11-21,293.13,338.75,290.00,336.90,193100
2000-11-20,338.75,356.25,336.25,356.25,187100
2000-11-17,357.50,371.25,356.25,370.60,141500
2000-11-16,371.25,373.75,368.75,372.50,165900
2000-11-15,366.88,373.13,358.75,360.00,98600
2000-11-14,368.75,372.50,360.00,363.80,41200
2000-11-13,353.75,356.25,345.00,354.10,36400
2000-11-10,390.31,407.50,388.75,407.50,22400
2000-11-09,405.00,419.38,390.00,416.30,145700
2000-11-08,410.00,427.50,393.75,411.90,17900
2000-11-07,422.50,422.50,403.75,405.60,18000
2000-11-06,411.25,415.63,367.50,368.80,192500
2000-11-03,360.00,363.75,355.00,355.60,44400
2000-11-02,348.75,351.88,342.50,344.10,132400
2000-11-01,345.94,352.50,345.00,348.80,50600
2000-10-31,349.38,353.13,331.88,333.10,62600
2000-10-30,330.63,331.25,320.00,321.30,43500
2000-10-27,341.25,347.50,338.75,345.00,21100
2000-10-26,348.44,357.50,331.25,350.00,32200
2000-10-25,350.00,365.00,319.38,320.00,106300
2000-10-24,323.75,330.00,300.00,302.50,130000
2000-10-23,300.00,305.00,299.38,301.30,99100
2000-10-20,301.25,302.50,290.00,301.30,82300
2000-10-19,300.00,305.00,295.00,298.80,152900
2000-10-18,297.50,305.31,293.13,301.30,137500
2000-10-17,301.25,325.00,300.00,316.30,34000
2000-10-16,330.00,337.50,300.00,337.50,118200
2000-10-13,333.75,341.25,333.75,336.90,55400
2000-10-12,336.88,346.88,325.00,345.60,113300
2000-10-11,337.50,343.75,322.50,326.30,515200
2000-10-10,333.75,388.75,320.00,388.75,158400
2000-10-09,384.38,398.75,382.50,398.75,64400
2000-10-06,390.00,405.00,387.50,395.60,122900
2000-10-05,425.63,440.00,417.50,417.50,65200
2000-10-04,417.50,418.75,405.00,406.90,51700
2000-10-03,415.00,419.38,412.50,417.50,86300
2000-10-02,422.50,423.75,405.00,421.30,124200
2000-09-29,430.00,432.50,391.25,406.30,243400
2000-09-28,401.25,420.00,387.50,387.50,103900
2000-09-27,390.00,392.50,387.50,392.50,38600
2000-09-26,390.00,407.50,380.00,390.00,483700
2000-09-25,374.38,428.75,340.00,341.90,268700
2000-09-22,341.88,348.75,339.38,348.10,78400
2000-09-21,347.50,367.50,345.00,366.90,16900
2000-09-20,366.25,381.25,361.25,381.25,40700
2000-09-19,373.75,395.00,373.13,395.00,257100
2000-09-18,395.00,399.38,390.00,398.10,244000
2000-09-15,396.88,409.38,391.25,399.40,185600
2000-09-14,396.25,407.50,372.50,378.80,115900
2000-09-13,376.25,378.75,371.25,371.30,182800
2000-09-12,369.38,386.25,362.50,386.25,69000
2000-09-11,390.00,396.88,375.00,396.88,91100
2000-09-08,400.00,407.50,390.00,397.50,131900
2000-09-07,400.00,420.00,385.00,391.30,211200
2000-09-06,387.50,431.25,373.75,431.25,319800
2000-09-05,425.00,450.63,420.00,420.30,299100
2000-09-01,418.75,465.63,375.00,465.00,323300
2000-08-31,462.50,470.00,355.00,359.70,248200
2000-08-30,355.00,357.50,335.63,341.30,89400
2000-08-29,340.63,380.00,330.00,345.00,223600
2000-08-28,335.00,342.50,298.75,305.00,582500
2000-08-25,295.00,296.88,285.00,296.88,32000
2000-08-24,295.00,301.25,295.00,300.00,150400
2000-08-23,300.00,300.00,285.00,285.00,196400
2000-08-22,285.00,288.75,281.25,288.75,311400
2000-08-21,290.00,295.00,266.25,266.90,153300
2000-08-18,275.00,275.00,266.88,273.80,69100
2000-08-17,272.50,272.50,247.50,249.40,162300
2000-08-16,250.00,250.63,245.00,248.80,316000
2000-08-15,246.25,258.13,245.00,256.30,71100
2000-08-14,250.00,255.00,250.00,255.00,75500
2000-08-11,256.25,260.63,247.50,260.00,137800
2000-08-10,260.00,277.50,240.00,275.00,511000
2000-08-09,273.75,325.00,273.75,320.00,174400
2000-08-08,300.00,318.75,278.75,278.80,244600
2000-08-07,268.75,275.00,237.50,240.00,194400
2000-08-04,240.00,242.50,235.00,236.90,134200
2000-08-03,236.25,240.63,235.00,236.30,322000
2000-08-02,240.00,240.00,236.25,240.00,202600
2000-08-01,238.75,240.00,235.00,240.00,423900
2000-07-31,237.50,247.50,230.00,232.50,619500
2000-07-28,250.00,260.00,210.00,240.00,6699000
